0	,	0	,	0	,	0	,	0	,
0.015	,	0.1	,	0.12	,	-2.09869	,	0.12	,
0.03	,	0.2	,	0.24	,	-4.18768	,	0.24	,
0.045	,	0.3	,	0.36	,	-6.26699	,	0.36	,
0.06	,	0.4	,	0.48	,	-8.3366	,	0.48	,
0.075	,	0.5	,	0.6	,	-10.3965	,	0.6	,
0.09	,	0.6	,	0.72	,	-12.4468	,	0.72	,
0.105	,	0.7	,	0.84	,	-14.4873	,	0.84	,
0.12	,	0.8	,	0.96	,	-16.5182	,	0.96	,
0.135	,	0.9	,	1.08	,	-18.5393	,	1.08	,
0.15	,	1	,	1.2	,	-20.5508	,	1.2	,
0.165	,	1.1	,	1.32	,	-22.5526	,	1.32	,
0.18	,	1.2	,	1.44	,	-24.5447	,	1.44	,
0.195	,	1.3	,	1.56	,	-26.5271	,	1.56	,
0.21	,	1.4	,	1.68	,	-28.4998	,	1.68	,
0.225	,	1.5	,	1.8	,	-30.4628	,	1.8	,
0.24	,	1.6	,	1.92	,	-32.4162	,	1.92	,
0.255	,	1.7	,	2.04	,	-34.3599	,	2.04	,
0.27	,	1.8	,	2.16	,	-36.2938	,	2.16	,
0.285	,	1.9	,	2.28	,	-38.2181	,	2.28	,
0.3	,	2	,	2.4	,	-40.1327	,	2.4	,
0.315	,	2.1	,	2.52	,	-42.0377	,	2.52	,
0.33	,	2.2	,	2.64	,	-43.9329	,	2.64	,
0.345	,	2.3	,	2.76	,	-45.8184	,	2.76	,
0.36	,	2.4	,	2.88	,	-47.6943	,	2.88	,
0.375	,	2.5	,	3	,	-49.5605	,	3	,
0.39	,	2.6	,	3.12	,	-51.417	,	3.12	,
0.405	,	2.7	,	3.24	,	-53.2638	,	3.24	,
0.42	,	2.8	,	3.36	,	-55.101	,	3.36	,
0.435	,	2.9	,	3.48	,	-56.9285	,	3.48	,
0.45	,	3	,	3.6	,	-58.7462	,	3.6	,
0.465	,	3.1	,	3.72	,	-60.5543	,	3.72	,
0.48	,	3.2	,	3.84	,	-62.3528	,	3.84	,
0.495	,	3.3	,	3.96	,	-64.1415	,	3.96	,
0.51	,	3.4	,	4.08	,	-65.9206	,	4.08	,
0.525	,	3.5	,	4.2	,	-67.69	,	4.2	,
0.54	,	3.6	,	4.32	,	-69.4497	,	4.32	,
0.555	,	3.7	,	4.44	,	-71.1997	,	4.44	,
0.57	,	3.8	,	4.56	,	-72.9401	,	4.56	,
0.585	,	3.9	,	4.68	,	-74.6707	,	4.68	,
0.6	,	4	,	4.8	,	-76.3917	,	4.8	,
0.615	,	4.1	,	4.92	,	-78.1031	,	4.92	,
0.63	,	4.2	,	5.04	,	-79.8047	,	5.04	,
0.645	,	4.3	,	5.16	,	-81.4967	,	5.16	,
0.66	,	4.4	,	5.28	,	-83.179	,	5.28	,
0.675	,	4.5	,	5.4	,	-84.8516	,	5.4	,
0.69	,	4.6	,	5.52	,	-86.5146	,	5.52	,
0.705	,	4.7	,	5.64	,	-88.1678	,	5.64	,
0.72	,	4.8	,	5.76	,	-89.8114	,	5.76	,
0.735	,	4.9	,	5.88	,	-91.4454	,	5.88	,
0.75	,	5	,	6	,	-93.0696	,	6	,
0.765	,	5.1	,	6.12	,	-94.6842	,	6.12	,
0.78	,	5.2	,	6.24	,	-96.2891	,	6.24	,
0.795	,	5.3	,	6.36	,	-97.8844	,	6.36	,
0.81	,	5.4	,	6.48	,	-99.47	,	6.48	,
0.825	,	5.5	,	6.6	,	-101.046	,	6.6	,
0.84	,	5.6	,	6.72	,	-102.612	,	6.72	,
0.855	,	5.7	,	6.84	,	-104.169	,	6.84	,
0.87	,	5.8	,	6.96	,	-105.716	,	6.96	,
0.885	,	5.9	,	7.08	,	-107.253	,	7.08	,
0.9	,	6	,	7.2	,	-108.78	,	7.2	,
0.915	,	6.1	,	7.32	,	-110.298	,	7.32	,
0.93	,	6.2	,	7.44	,	-111.806	,	7.44	,
0.945	,	6.3	,	7.56	,	-113.305	,	7.56	,
0.96	,	6.4	,	7.68	,	-114.794	,	7.68	,
0.975	,	6.5	,	7.8	,	-116.273	,	7.8	,
0.99	,	6.6	,	7.92	,	-117.743	,	7.92	,
1.005	,	6.7	,	8.04	,	-119.203	,	8.04	,
1.02	,	6.8	,	8.16	,	-120.653	,	8.16	,
1.035	,	6.9	,	8.28	,	-122.093	,	8.28	,
1.05	,	7	,	8.4	,	-123.524	,	8.4	,
1.065	,	7.1	,	8.52	,	-124.946	,	8.52	,
1.08	,	7.2	,	8.64	,	-126.357	,	8.64	,
1.095	,	7.3	,	8.76	,	-127.759	,	8.76	,
1.11	,	7.4	,	8.88	,	-129.151	,	8.88	,
1.125	,	7.5	,	9	,	-130.534	,	9	,
1.14	,	7.6	,	9.12	,	-131.907	,	9.12	,
1.155	,	7.7	,	9.24	,	-133.27	,	9.24	,
1.17	,	7.8	,	9.36	,	-134.624	,	9.36	,
1.185	,	7.9	,	9.48	,	-135.968	,	9.48	,
1.2	,	8	,	9.6	,	-137.302	,	9.6	,
1.215	,	8.1	,	9.72	,	-138.627	,	9.72	,
1.23	,	8.2	,	9.84	,	-139.941	,	9.84	,
1.245	,	8.3	,	9.96	,	-141.247	,	9.96	,
1.26	,	8.4	,	10.08	,	-142.542	,	10.08	,
1.275	,	8.5	,	10.2	,	-143.828	,	10.2	,
1.29	,	8.6	,	10.32	,	-145.105	,	10.32	,
1.305	,	8.7	,	10.44	,	-146.371	,	10.44	,
1.32	,	8.8	,	10.56	,	-147.628	,	10.56	,
1.335	,	8.9	,	10.68	,	-148.876	,	10.68	,
1.35	,	9	,	10.8	,	-150.114	,	10.8	,
1.365	,	9.1	,	10.92	,	-151.342	,	10.92	,
1.38	,	9.2	,	11.04	,	-152.56	,	11.04	,
1.395	,	9.3	,	11.16	,	-153.769	,	11.16	,
1.41	,	9.4	,	11.28	,	-154.968	,	11.28	,
1.425	,	9.5	,	11.4	,	-156.157	,	11.4	,
1.44	,	9.6	,	11.52	,	-157.337	,	11.52	,
1.455	,	9.7	,	11.64	,	-158.507	,	11.64	,
1.47	,	9.8	,	11.76	,	-159.668	,	11.76	,
1.485	,	9.9	,	11.88	,	-160.818	,	11.88	,
1.5	,	10	,	12	,	-161.96	,	12	,
1.515	,	10.1	,	12.12	,	-163.094	,	12.12	,
1.53	,	10.2	,	12.24	,	-164.223	,	12.24	,
1.545	,	10.3	,	12.36	,	-165.347	,	12.36	,
1.56	,	10.4	,	12.48	,	-166.465	,	12.48	,
1.575	,	10.5	,	12.6	,	-167.579	,	12.6	,
1.59	,	10.6	,	12.72	,	-168.686	,	12.72	,
1.605	,	10.7	,	12.84	,	-169.788	,	12.84	,
1.62	,	10.8	,	12.96	,	-170.885	,	12.96	,
1.635	,	10.9	,	13.08	,	-171.975	,	13.08	,
1.65	,	11	,	13.2	,	-173.059	,	13.2	,
1.665	,	11.1	,	13.32	,	-174.137	,	13.32	,
1.68	,	11.2	,	13.44	,	-175.209	,	13.44	,
1.695	,	11.3	,	13.56	,	-176.274	,	13.56	,
1.71	,	11.4	,	13.68	,	-177.332	,	13.68	,
1.725	,	11.5	,	13.8	,	-178.384	,	13.8	,
1.74	,	11.6	,	13.92	,	-179.428	,	13.92	,
1.755	,	11.7	,	14.04	,	-180.466	,	14.04	,
1.77	,	11.8	,	14.16	,	-181.496	,	14.16	,
1.785	,	11.9	,	14.28	,	-182.518	,	14.28	,
1.8	,	12	,	14.4	,	-183.534	,	14.4	,
1.815	,	12.1	,	14.52	,	-184.541	,	14.52	,
1.83	,	12.2	,	14.64	,	-185.54	,	14.64	,
1.845	,	12.3	,	14.76	,	-186.532	,	14.76	,
1.86	,	12.4	,	14.88	,	-187.515	,	14.88	,
1.875	,	12.5	,	15	,	-188.49	,	15	,
1.89	,	12.6	,	15.12	,	-189.456	,	15.12	,
1.905	,	12.7	,	15.24	,	-190.414	,	15.24	,
1.92	,	12.8	,	15.36	,	-191.363	,	15.36	,
1.935	,	12.9	,	15.48	,	-192.304	,	15.48	,
1.95	,	13	,	15.6	,	-193.235	,	15.6	,
1.965	,	13.1	,	15.72	,	-194.157	,	15.72	,
1.98	,	13.2	,	15.84	,	-195.069	,	15.84	,
1.995	,	13.3	,	15.96	,	-195.972	,	15.96	,
2.01	,	13.4	,	16.08	,	-196.866	,	16.08	,
2.025	,	13.5	,	16.2	,	-197.75	,	16.2	,
2.04	,	13.6	,	16.32	,	-198.623	,	16.32	,
2.055	,	13.7	,	16.44	,	-199.487	,	16.44	,
2.07	,	13.8	,	16.56	,	-200.34	,	16.56	,
2.085	,	13.9	,	16.68	,	-201.183	,	16.68	,
2.1	,	14	,	16.8	,	-202.016	,	16.8	,
2.115	,	14.1	,	16.92	,	-202.838	,	16.92	,
2.13	,	14.2	,	17.04	,	-203.649	,	17.04	,
2.145	,	14.3	,	17.16	,	-204.449	,	17.16	,
2.16	,	14.4	,	17.28	,	-205.238	,	17.28	,
2.175	,	14.5	,	17.4	,	-206.015	,	17.4	,
2.19	,	14.6	,	17.52	,	-206.782	,	17.52	,
2.205	,	14.7	,	17.64	,	-207.536	,	17.64	,
2.22	,	14.8	,	17.76	,	-208.279	,	17.76	,
2.235	,	14.9	,	17.88	,	-209.01	,	17.88	,
2.25	,	15	,	18	,	-209.729	,	18	,
2.265	,	15.1	,	18.12	,	-210.436	,	18.12	,
2.28	,	15.2	,	18.24	,	-211.131	,	18.24	,
2.295	,	15.3	,	18.36	,	-211.813	,	18.36	,
2.31	,	15.4	,	18.48	,	-212.483	,	18.48	,
2.325	,	15.5	,	18.6	,	-213.14	,	18.6	,
2.34	,	15.6	,	18.72	,	-213.784	,	18.72	,
2.355	,	15.7	,	18.84	,	-214.415	,	18.84	,
2.37	,	15.8	,	18.96	,	-215.033	,	18.96	,
2.385	,	15.9	,	19.08	,	-215.637	,	19.08	,
2.4	,	16	,	19.2	,	-216.228	,	19.2	,
2.415	,	16.1	,	19.32	,	-216.806	,	19.32	,
2.43	,	16.2	,	19.44	,	-217.369	,	19.44	,
2.445	,	16.3	,	19.56	,	-217.919	,	19.56	,
2.46	,	16.4	,	19.68	,	-218.455	,	19.68	,
2.475	,	16.5	,	19.8	,	-218.976	,	19.8	,
2.49	,	16.6	,	19.92	,	-219.483	,	19.92	,
2.505	,	16.7	,	20.04	,	-219.976	,	20.04	,
2.52	,	16.8	,	20.16	,	-220.454	,	20.16	,
2.535	,	16.9	,	20.28	,	-220.917	,	20.28	,
2.55	,	17	,	20.4	,	-221.365	,	20.4	,
2.565	,	17.1	,	20.52	,	-221.798	,	20.52	,
2.58	,	17.2	,	20.64	,	-222.216	,	20.64	,
2.595	,	17.3	,	20.76	,	-222.619	,	20.76	,
2.61	,	17.4	,	20.88	,	-223.006	,	20.88	,
2.625	,	17.5	,	21	,	-223.377	,	21	,
2.64	,	17.6	,	21.12	,	-223.732	,	21.12	,
2.655	,	17.7	,	21.24	,	-224.072	,	21.24	,
2.67	,	17.8	,	21.36	,	-224.395	,	21.36	,
2.685	,	17.9	,	21.48	,	-224.702	,	21.48	,
2.7	,	18	,	21.6	,	-224.993	,	21.6	,
2.715	,	18.1	,	21.72	,	-225.267	,	21.72	,
2.73	,	18.2	,	21.84	,	-225.525	,	21.84	,
2.745	,	18.3	,	21.96	,	-225.765	,	21.96	,
2.76	,	18.4	,	22.08	,	-225.989	,	22.08	,
2.775	,	18.5	,	22.2	,	-226.195	,	22.2	,
2.79	,	18.6	,	22.32	,	-226.384	,	22.32	,
2.805	,	18.7	,	22.44	,	-226.556	,	22.44	,
2.82	,	18.8	,	22.56	,	-226.71	,	22.56	,
2.835	,	18.9	,	22.68	,	-226.846	,	22.68	,
2.85	,	19	,	22.8	,	-226.964	,	22.8	,
2.865	,	19.1	,	22.92	,	-227.065	,	22.92	,
2.88	,	19.2	,	23.04	,	-227.147	,	23.04	,
2.895	,	19.3	,	23.16	,	-227.211	,	23.16	,
2.91	,	19.4	,	23.28	,	-227.256	,	23.28	,
2.925	,	19.5	,	23.4	,	-227.283	,	23.4	,
2.94	,	19.6	,	23.52	,	-227.291	,	23.52	,
2.955	,	19.7	,	23.64	,	-227.28	,	23.64	,
2.97	,	19.8	,	23.76	,	-227.25	,	23.76	,
2.985	,	19.9	,	23.88	,	-227.2	,	23.88	,
3	,	20	,	24	,	-227.132	,	24	,
3.015	,	20.1	,	24.12	,	-227.046	,	24.12	,
3.03	,	20.2	,	24.24	,	-226.946	,	24.24	,
3.045	,	20.3	,	24.36	,	-226.833	,	24.36	,
3.06	,	20.4	,	24.48	,	-226.706	,	24.48	,
3.075	,	20.5	,	24.6	,	-226.566	,	24.6	,
3.09	,	20.6	,	24.72	,	-226.412	,	24.72	,
3.105	,	20.7	,	24.84	,	-226.246	,	24.84	,
3.12	,	20.8	,	24.96	,	-226.068	,	24.96	,
3.135	,	20.9	,	25.08	,	-225.877	,	25.08	,
3.15	,	21	,	25.2	,	-225.675	,	25.2	,
3.165	,	21.1	,	25.32	,	-225.461	,	25.32	,
3.18	,	21.2	,	25.44	,	-225.236	,	25.44	,
3.195	,	21.3	,	25.56	,	-225	,	25.56	,
3.21	,	21.4	,	25.68	,	-224.753	,	25.68	,
3.225	,	21.5	,	25.8	,	-224.496	,	25.8	,
3.24	,	21.6	,	25.92	,	-224.229	,	25.92	,
3.255	,	21.7	,	26.04	,	-223.951	,	26.04	,
3.27	,	21.8	,	26.16	,	-223.665	,	26.16	,
3.285	,	21.9	,	26.28	,	-223.369	,	26.28	,
3.3	,	22	,	26.4	,	-223.064	,	26.4	,
3.315	,	22.1	,	26.52	,	-222.751	,	26.52	,
3.33	,	22.2	,	26.64	,	-222.429	,	26.64	,
3.345	,	22.3	,	26.76	,	-222.099	,	26.76	,
3.36	,	22.4	,	26.88	,	-221.761	,	26.88	,
3.375	,	22.5	,	27	,	-221.416	,	27	,
3.39	,	22.6	,	27.12	,	-221.064	,	27.12	,
3.405	,	22.7	,	27.24	,	-220.705	,	27.24	,
3.42	,	22.8	,	27.36	,	-220.339	,	27.36	,
3.435	,	22.9	,	27.48	,	-219.966	,	27.48	,
3.45	,	23	,	27.6	,	-219.588	,	27.6	,
3.465	,	23.1	,	27.72	,	-219.204	,	27.72	,
3.48	,	23.2	,	27.84	,	-218.814	,	27.84	,
3.495	,	23.3	,	27.96	,	-218.419	,	27.96	,
3.51	,	23.4	,	28.08	,	-218.02	,	28.08	,
3.525	,	23.5	,	28.2	,	-217.615	,	28.2	,
3.54	,	23.6	,	28.32	,	-217.207	,	28.32	,
3.555	,	23.7	,	28.44	,	-216.794	,	28.44	,
3.57	,	23.8	,	28.56	,	-216.377	,	28.56	,
3.585	,	23.9	,	28.68	,	-215.957	,	28.68	,
3.6	,	24	,	28.8	,	-215.534	,	28.8	,
3.615	,	24.1	,	28.92	,	-215.108	,	28.92	,
3.63	,	24.2	,	29.04	,	-214.68	,	29.04	,
3.645	,	24.3	,	29.16	,	-214.249	,	29.16	,
3.66	,	24.4	,	29.28	,	-213.816	,	29.28	,
3.675	,	24.5	,	29.4	,	-213.381	,	29.4	,
3.69	,	24.6	,	29.52	,	-212.945	,	29.52	,
3.705	,	24.7	,	29.64	,	-212.508	,	29.64	,
3.72	,	24.8	,	29.76	,	-212.07	,	29.76	,
3.735	,	24.9	,	29.88	,	-211.631	,	29.88	,
3.75	,	25	,	30	,	-211.192	,	30	,
3.765	,	25.1	,	30.12	,	-210.753	,	30.12	,
3.78	,	25.2	,	30.24	,	-210.314	,	30.24	,
3.795	,	25.3	,	30.36	,	-209.876	,	30.36	,
3.81	,	25.4	,	30.48	,	-209.439	,	30.48	,
3.825	,	25.5	,	30.6	,	-209.002	,	30.6	,
3.84	,	25.6	,	30.72	,	-208.568	,	30.72	,
3.855	,	25.7	,	30.84	,	-208.135	,	30.84	,
3.87	,	25.8	,	30.96	,	-207.704	,	30.96	,
3.885	,	25.9	,	31.08	,	-207.275	,	31.08	,
3.9	,	26	,	31.2	,	-206.849	,	31.2	,
3.915	,	26.1	,	31.32	,	-206.426	,	31.32	,
3.93	,	26.2	,	31.44	,	-206.006	,	31.44	,
3.945	,	26.3	,	31.56	,	-205.589	,	31.56	,
3.96	,	26.4	,	31.68	,	-205.176	,	31.68	,
3.975	,	26.5	,	31.8	,	-204.767	,	31.8	,
3.99	,	26.6	,	31.92	,	-204.363	,	31.92	,
4.005	,	26.7	,	32.04	,	-203.963	,	32.04	,
4.02	,	26.8	,	32.16	,	-203.568	,	32.16	,
4.035	,	26.9	,	32.28	,	-203.178	,	32.28	,
4.05	,	27	,	32.4	,	-202.794	,	32.4	,
4.065	,	27.1	,	32.52	,	-202.415	,	32.52	,
4.08	,	27.2	,	32.64	,	-202.043	,	32.64	,
4.095	,	27.3	,	32.76	,	-201.676	,	32.76	,
4.11	,	27.4	,	32.88	,	-201.317	,	32.88	,
4.125	,	27.5	,	33	,	-200.964	,	33	,
4.14	,	27.6	,	33.12	,	-200.619	,	33.12	,
4.155	,	27.7	,	33.24	,	-200.281	,	33.24	,
4.17	,	27.8	,	33.36	,	-199.951	,	33.36	,
4.185	,	27.9	,	33.48	,	-199.629	,	33.48	,
4.2	,	28	,	33.6	,	-199.315	,	33.6	,
4.215	,	28.1	,	33.72	,	-199.01	,	33.72	,
4.23	,	28.2	,	33.84	,	-198.714	,	33.84	,
4.245	,	28.3	,	33.96	,	-198.427	,	33.96	,
4.26	,	28.4	,	34.08	,	-198.149	,	34.08	,
4.275	,	28.5	,	34.2	,	-197.882	,	34.2	,
4.29	,	28.6	,	34.32	,	-197.624	,	34.32	,
4.305	,	28.7	,	34.44	,	-197.377	,	34.44	,
4.32	,	28.8	,	34.56	,	-197.14	,	34.56	,
4.335	,	28.9	,	34.68	,	-196.915	,	34.68	,
4.35	,	29	,	34.8	,	-196.701	,	34.8	,
4.365	,	29.1	,	34.92	,	-196.498	,	34.92	,
4.38	,	29.2	,	35.04	,	-196.307	,	35.04	,
4.395	,	29.3	,	35.16	,	-196.128	,	35.16	,
4.41	,	29.4	,	35.28	,	-195.962	,	35.28	,
4.425	,	29.5	,	35.4	,	-195.808	,	35.4	,
4.44	,	29.6	,	35.52	,	-195.667	,	35.52	,
4.455	,	29.7	,	35.64	,	-195.539	,	35.64	,
4.47	,	29.8	,	35.76	,	-195.425	,	35.76	,
4.485	,	29.9	,	35.88	,	-195.325	,	35.88	,
4.5	,	30	,	36	,	-195.239	,	36	,
4.515	,	30.1	,	36.12	,	-195.16	,	36.12	,
4.53	,	30.2	,	36.24	,	-195.081	,	36.24	,
4.545	,	30.3	,	36.36	,	-195.003	,	36.36	,
4.56	,	30.4	,	36.48	,	-194.924	,	36.48	,
4.575	,	30.5	,	36.6	,	-194.845	,	36.6	,
4.59	,	30.6	,	36.72	,	-194.767	,	36.72	,
4.605	,	30.7	,	36.84	,	-194.689	,	36.84	,
4.62	,	30.8	,	36.96	,	-194.611	,	36.96	,
4.635	,	30.9	,	37.08	,	-194.534	,	37.08	,
4.65	,	31	,	37.2	,	-194.457	,	37.2	,
4.665	,	31.1	,	37.32	,	-194.38	,	37.32	,
4.68	,	31.2	,	37.44	,	-194.304	,	37.44	,
4.695	,	31.3	,	37.56	,	-194.229	,	37.56	,
4.71	,	31.4	,	37.68	,	-194.154	,	37.68	,
4.725	,	31.5	,	37.8	,	-194.079	,	37.8	,
4.74	,	31.6	,	37.92	,	-194.006	,	37.92	,
4.755	,	31.7	,	38.04	,	-193.933	,	38.04	,
4.77	,	31.8	,	38.16	,	-193.861	,	38.16	,
4.785	,	31.9	,	38.28	,	-193.79	,	38.28	,
4.8	,	32	,	38.4	,	-193.719	,	38.4	,
4.815	,	32.1	,	38.52	,	-193.65	,	38.52	,
4.83	,	32.2	,	38.64	,	-193.581	,	38.64	,
4.845	,	32.3	,	38.76	,	-193.514	,	38.76	,
4.86	,	32.4	,	38.88	,	-193.448	,	38.88	,
4.875	,	32.5	,	39	,	-193.383	,	39	,
4.89	,	32.6	,	39.12	,	-193.319	,	39.12	,
4.905	,	32.7	,	39.24	,	-193.256	,	39.24	,
4.92	,	32.8	,	39.36	,	-193.194	,	39.36	,
4.935	,	32.9	,	39.48	,	-193.134	,	39.48	,
4.95	,	33	,	39.6	,	-193.075	,	39.6	,
4.965	,	33.1	,	39.72	,	-193.018	,	39.72	,
4.98	,	33.2	,	39.84	,	-192.962	,	39.84	,
4.995	,	33.3	,	39.96	,	-192.907	,	39.96	,
5.01	,	33.4	,	40.08	,	-192.854	,	40.08	,
5.025	,	33.5	,	40.2	,	-192.803	,	40.2	,
5.04	,	33.6	,	40.32	,	-192.754	,	40.32	,
5.055	,	33.7	,	40.44	,	-192.706	,	40.44	,
5.07	,	33.8	,	40.56	,	-192.659	,	40.56	,
5.085	,	33.9	,	40.68	,	-192.615	,	40.68	,
5.1	,	34	,	40.8	,	-192.573	,	40.8	,
5.115	,	34.1	,	40.92	,	-192.532	,	40.92	,
5.13	,	34.2	,	41.04	,	-192.493	,	41.04	,
5.145	,	34.3	,	41.16	,	-192.457	,	41.16	,
5.16	,	34.4	,	41.28	,	-192.422	,	41.28	,
5.175	,	34.5	,	41.4	,	-192.39	,	41.4	,
5.19	,	34.6	,	41.52	,	-192.359	,	41.52	,
5.205	,	34.7	,	41.64	,	-192.331	,	41.64	,
5.22	,	34.8	,	41.76	,	-192.305	,	41.76	,
5.235	,	34.9	,	41.88	,	-192.281	,	41.88	,
5.25	,	35	,	42	,	-192.26	,	42	,
5.265	,	35.1	,	42.12	,	-192.241	,	42.12	,
5.28	,	35.2	,	42.24	,	-192.225	,	42.24	,
5.295	,	35.3	,	42.36	,	-192.211	,	42.36	,
5.31	,	35.4	,	42.48	,	-192.199	,	42.48	,
5.325	,	35.5	,	42.6	,	-192.19	,	42.6	,
5.34	,	35.6	,	42.72	,	-192.184	,	42.72	,
5.355	,	35.7	,	42.84	,	-192.18	,	42.84	,
5.37	,	35.8	,	42.96	,	-192.179	,	42.96	,
5.385	,	35.9	,	43.08	,	-192.181	,	43.08	,
5.4	,	36	,	43.2	,	-192.186	,	43.2	,
5.415	,	36.1	,	43.32	,	-192.193	,	43.32	,
5.43	,	36.2	,	43.44	,	-192.204	,	43.44	,
5.445	,	36.3	,	43.56	,	-192.217	,	43.56	,
5.46	,	36.4	,	43.68	,	-192.234	,	43.68	,
5.475	,	36.5	,	43.8	,	-192.253	,	43.8	,
5.49	,	36.6	,	43.92	,	-192.276	,	43.92	,
5.505	,	36.7	,	44.04	,	-192.301	,	44.04	,
5.52	,	36.8	,	44.16	,	-192.33	,	44.16	,
5.535	,	36.9	,	44.28	,	-192.363	,	44.28	,
5.55	,	37	,	44.4	,	-192.398	,	44.4	,
5.565	,	37.1	,	44.52	,	-192.437	,	44.52	,
5.58	,	37.2	,	44.64	,	-192.479	,	44.64	,
5.595	,	37.3	,	44.76	,	-192.525	,	44.76	,
5.61	,	37.4	,	44.88	,	-192.574	,	44.88	,
5.625	,	37.5	,	45	,	-192.627	,	45	,
5.64	,	37.6	,	45.12	,	-192.683	,	45.12	,
5.655	,	37.7	,	45.24	,	-192.743	,	45.24	,
5.67	,	37.8	,	45.36	,	-192.807	,	45.36	,
5.685	,	37.9	,	45.48	,	-192.874	,	45.48	,
5.7	,	38	,	45.6	,	-192.946	,	45.6	,
5.715	,	38.1	,	45.72	,	-193.021	,	45.72	,
5.73	,	38.2	,	45.84	,	-193.1	,	45.84	,
5.745	,	38.3	,	45.96	,	-193.182	,	45.96	,
5.76	,	38.4	,	46.08	,	-193.269	,	46.08	,
5.775	,	38.5	,	46.2	,	-193.36	,	46.2	,
5.79	,	38.6	,	46.32	,	-193.455	,	46.32	,
5.805	,	38.7	,	46.44	,	-193.554	,	46.44	,
5.82	,	38.8	,	46.56	,	-193.657	,	46.56	,
5.835	,	38.9	,	46.68	,	-193.765	,	46.68	,
5.85	,	39	,	46.8	,	-193.877	,	46.8	,
5.865	,	39.1	,	46.92	,	-193.993	,	46.92	,
5.88	,	39.2	,	47.04	,	-194.113	,	47.04	,
5.895	,	39.3	,	47.16	,	-194.238	,	47.16	,
5.91	,	39.4	,	47.28	,	-194.367	,	47.28	,
5.925	,	39.5	,	47.4	,	-194.501	,	47.4	,
5.94	,	39.6	,	47.52	,	-194.639	,	47.52	,
5.955	,	39.7	,	47.64	,	-194.782	,	47.64	,
5.97	,	39.8	,	47.76	,	-194.93	,	47.76	,
5.985	,	39.9	,	47.88	,	-195.082	,	47.88	,
6	,	40	,	48	,	-195.239	,	48	,
6.015	,	40.1	,	48.12	,	-194.608	,	48.12	,
6.03	,	40.2	,	48.24	,	-193.976	,	48.24	,
6.045	,	40.3	,	48.36	,	-193.342	,	48.36	,
6.06	,	40.4	,	48.48	,	-192.706	,	48.48	,
6.075	,	40.5	,	48.6	,	-192.069	,	48.6	,
6.09	,	40.6	,	48.72	,	-191.431	,	48.72	,
6.105	,	40.7	,	48.84	,	-190.791	,	48.84	,
6.12	,	40.8	,	48.96	,	-190.149	,	48.96	,
6.135	,	40.9	,	49.08	,	-189.506	,	49.08	,
6.15	,	41	,	49.2	,	-188.862	,	49.2	,
6.165	,	41.1	,	49.32	,	-188.216	,	49.32	,
6.18	,	41.2	,	49.44	,	-187.569	,	49.44	,
6.195	,	41.3	,	49.56	,	-186.921	,	49.56	,
6.21	,	41.4	,	49.68	,	-186.271	,	49.68	,
6.225	,	41.5	,	49.8	,	-185.62	,	49.8	,
6.24	,	41.6	,	49.92	,	-184.967	,	49.92	,
6.255	,	41.7	,	50.04	,	-184.313	,	50.04	,
6.27	,	41.8	,	50.16	,	-183.658	,	50.16	,
6.285	,	41.9	,	50.28	,	-183.001	,	50.28	,
6.3	,	42	,	50.4	,	-182.344	,	50.4	,
6.315	,	42.1	,	50.52	,	-181.685	,	50.52	,
6.33	,	42.2	,	50.64	,	-181.024	,	50.64	,
6.345	,	42.3	,	50.76	,	-180.363	,	50.76	,
6.36	,	42.4	,	50.88	,	-179.7	,	50.88	,
6.375	,	42.5	,	51	,	-179.036	,	51	,
6.39	,	42.6	,	51.12	,	-178.371	,	51.12	,
6.405	,	42.7	,	51.24	,	-177.704	,	51.24	,
6.42	,	42.8	,	51.36	,	-177.037	,	51.36	,
6.435	,	42.9	,	51.48	,	-176.368	,	51.48	,
6.45	,	43	,	51.6	,	-175.698	,	51.6	,
6.465	,	43.1	,	51.72	,	-175.027	,	51.72	,
6.48	,	43.2	,	51.84	,	-174.355	,	51.84	,
6.495	,	43.3	,	51.96	,	-173.682	,	51.96	,
6.51	,	43.4	,	52.08	,	-173.007	,	52.08	,
6.525	,	43.5	,	52.2	,	-172.332	,	52.2	,
6.54	,	43.6	,	52.32	,	-171.656	,	52.32	,
6.555	,	43.7	,	52.44	,	-170.978	,	52.44	,
6.57	,	43.8	,	52.56	,	-170.3	,	52.56	,
6.585	,	43.9	,	52.68	,	-169.62	,	52.68	,
6.6	,	44	,	52.8	,	-168.939	,	52.8	,
6.615	,	44.1	,	52.92	,	-168.258	,	52.92	,
6.63	,	44.2	,	53.04	,	-167.575	,	53.04	,
6.645	,	44.3	,	53.16	,	-166.892	,	53.16	,
6.66	,	44.4	,	53.28	,	-166.207	,	53.28	,
6.675	,	44.5	,	53.4	,	-165.522	,	53.4	,
6.69	,	44.6	,	53.52	,	-164.836	,	53.52	,
6.705	,	44.7	,	53.64	,	-164.149	,	53.64	,
6.72	,	44.8	,	53.76	,	-163.46	,	53.76	,
6.735	,	44.9	,	53.88	,	-162.772	,	53.88	,
6.75	,	45	,	54	,	-162.082	,	54	,
6.765	,	45.1	,	54.12	,	-161.391	,	54.12	,
6.78	,	45.2	,	54.24	,	-160.7	,	54.24	,
6.795	,	45.3	,	54.36	,	-160.007	,	54.36	,
6.81	,	45.4	,	54.48	,	-159.314	,	54.48	,
6.825	,	45.5	,	54.6	,	-158.62	,	54.6	,
6.84	,	45.6	,	54.72	,	-157.925	,	54.72	,
6.855	,	45.7	,	54.84	,	-157.23	,	54.84	,
6.87	,	45.8	,	54.96	,	-156.534	,	54.96	,
6.885	,	45.9	,	55.08	,	-155.837	,	55.08	,
6.9	,	46	,	55.2	,	-155.139	,	55.2	,
6.915	,	46.1	,	55.32	,	-154.441	,	55.32	,
6.93	,	46.2	,	55.44	,	-153.742	,	55.44	,
6.945	,	46.3	,	55.56	,	-153.042	,	55.56	,
6.96	,	46.4	,	55.68	,	-152.341	,	55.68	,
6.975	,	46.5	,	55.8	,	-151.64	,	55.8	,
6.99	,	46.6	,	55.92	,	-150.939	,	55.92	,
7.005	,	46.7	,	56.04	,	-150.236	,	56.04	,
7.02	,	46.8	,	56.16	,	-149.533	,	56.16	,
7.035	,	46.9	,	56.28	,	-148.83	,	56.28	,
7.05	,	47	,	56.4	,	-148.126	,	56.4	,
7.065	,	47.1	,	56.52	,	-147.421	,	56.52	,
7.08	,	47.2	,	56.64	,	-146.716	,	56.64	,
7.095	,	47.3	,	56.76	,	-146.01	,	56.76	,
7.11	,	47.4	,	56.88	,	-145.304	,	56.88	,
7.125	,	47.5	,	57	,	-144.597	,	57	,
7.14	,	47.6	,	57.12	,	-143.889	,	57.12	,
7.155	,	47.7	,	57.24	,	-143.182	,	57.24	,
7.17	,	47.8	,	57.36	,	-142.473	,	57.36	,
7.185	,	47.9	,	57.48	,	-141.765	,	57.48	,
7.2	,	48	,	57.6	,	-141.055	,	57.6	,
7.215	,	48.1	,	57.72	,	-140.346	,	57.72	,
7.23	,	48.2	,	57.84	,	-139.636	,	57.84	,
7.245	,	48.3	,	57.96	,	-138.926	,	57.96	,
7.26	,	48.4	,	58.08	,	-138.215	,	58.08	,
7.275	,	48.5	,	58.2	,	-137.504	,	58.2	,
7.29	,	48.6	,	58.32	,	-136.792	,	58.32	,
7.305	,	48.7	,	58.44	,	-136.08	,	58.44	,
7.32	,	48.8	,	58.56	,	-135.368	,	58.56	,
7.335	,	48.9	,	58.68	,	-134.656	,	58.68	,
7.35	,	49	,	58.8	,	-133.943	,	58.8	,
7.365	,	49.1	,	58.92	,	-133.23	,	58.92	,
7.38	,	49.2	,	59.04	,	-132.516	,	59.04	,
7.395	,	49.3	,	59.16	,	-131.803	,	59.16	,
7.41	,	49.4	,	59.28	,	-131.089	,	59.28	,
7.425	,	49.5	,	59.4	,	-130.375	,	59.4	,
7.44	,	49.6	,	59.52	,	-129.66	,	59.52	,
7.455	,	49.7	,	59.64	,	-128.946	,	59.64	,
7.47	,	49.8	,	59.76	,	-128.231	,	59.76	,
7.485	,	49.9	,	59.88	,	-127.516	,	59.88	,
7.5	,	50	,	60	,	-126.801	,	60	,
7.515	,	50.1	,	60.12	,	-126.085	,	60.12	,
7.53	,	50.2	,	60.24	,	-125.366	,	60.24	,
7.545	,	50.3	,	60.36	,	-124.644	,	60.36	,
7.56	,	50.4	,	60.48	,	-123.919	,	60.48	,
7.575	,	50.5	,	60.6	,	-123.192	,	60.6	,
7.59	,	50.6	,	60.72	,	-122.462	,	60.72	,
7.605	,	50.7	,	60.84	,	-121.73	,	60.84	,
7.62	,	50.8	,	60.96	,	-120.995	,	60.96	,
7.635	,	50.9	,	61.08	,	-120.258	,	61.08	,
7.65	,	51	,	61.2	,	-119.518	,	61.2	,
7.665	,	51.1	,	61.32	,	-118.776	,	61.32	,
7.68	,	51.2	,	61.44	,	-118.031	,	61.44	,
7.695	,	51.3	,	61.56	,	-117.285	,	61.56	,
7.71	,	51.4	,	61.68	,	-116.535	,	61.68	,
7.725	,	51.5	,	61.8	,	-115.784	,	61.8	,
7.74	,	51.6	,	61.92	,	-115.03	,	61.92	,
7.755	,	51.7	,	62.04	,	-114.274	,	62.04	,
7.77	,	51.8	,	62.16	,	-113.516	,	62.16	,
7.785	,	51.9	,	62.28	,	-112.756	,	62.28	,
7.8	,	52	,	62.4	,	-111.994	,	62.4	,
7.815	,	52.1	,	62.52	,	-111.23	,	62.52	,
7.83	,	52.2	,	62.64	,	-110.464	,	62.64	,
7.845	,	52.3	,	62.76	,	-109.696	,	62.76	,
7.86	,	52.4	,	62.88	,	-108.925	,	62.88	,
7.875	,	52.5	,	63	,	-108.153	,	63	,
7.89	,	52.6	,	63.12	,	-107.38	,	63.12	,
7.905	,	52.7	,	63.24	,	-106.604	,	63.24	,
7.92	,	52.8	,	63.36	,	-105.826	,	63.36	,
7.935	,	52.9	,	63.48	,	-105.047	,	63.48	,
7.95	,	53	,	63.6	,	-104.266	,	63.6	,
7.965	,	53.1	,	63.72	,	-103.484	,	63.72	,
7.98	,	53.2	,	63.84	,	-102.699	,	63.84	,
7.995	,	53.3	,	63.96	,	-101.913	,	63.96	,
8.01	,	53.4	,	64.08	,	-101.126	,	64.08	,
8.025	,	53.5	,	64.2	,	-100.337	,	64.2	,
8.04	,	53.6	,	64.32	,	-99.5466	,	64.32	,
8.055	,	53.7	,	64.44	,	-98.7547	,	64.44	,
8.07	,	53.8	,	64.56	,	-97.9613	,	64.56	,
8.085	,	53.9	,	64.68	,	-97.1666	,	64.68	,
8.1	,	54	,	64.8	,	-96.3706	,	64.8	,
8.115	,	54.1	,	64.92	,	-95.5732	,	64.92	,
8.13	,	54.2	,	65.04	,	-94.7745	,	65.04	,
8.145	,	54.3	,	65.16	,	-93.9747	,	65.16	,
8.16	,	54.4	,	65.28	,	-93.1736	,	65.28	,
8.175	,	54.5	,	65.4	,	-92.3713	,	65.4	,
8.19	,	54.6	,	65.52	,	-91.568	,	65.52	,
8.205	,	54.7	,	65.64	,	-90.7635	,	65.64	,
8.22	,	54.8	,	65.76	,	-89.958	,	65.76	,
8.235	,	54.9	,	65.88	,	-89.1514	,	65.88	,
8.25	,	55	,	66	,	-88.3439	,	66	,
8.265	,	55.1	,	66.12	,	-87.5354	,	66.12	,
8.28	,	55.2	,	66.24	,	-86.7261	,	66.24	,
8.295	,	55.3	,	66.36	,	-85.9158	,	66.36	,
8.31	,	55.4	,	66.48	,	-85.1047	,	66.48	,
8.325	,	55.5	,	66.6	,	-84.2929	,	66.6	,
8.34	,	55.6	,	66.72	,	-83.4802	,	66.72	,
8.355	,	55.7	,	66.84	,	-82.6668	,	66.84	,
8.37	,	55.8	,	66.96	,	-81.8528	,	66.96	,
8.385	,	55.9	,	67.08	,	-81.0381	,	67.08	,
8.4	,	56	,	67.2	,	-80.2227	,	67.2	,
8.415	,	56.1	,	67.32	,	-79.4068	,	67.32	,
8.43	,	56.2	,	67.44	,	-78.5904	,	67.44	,
8.445	,	56.3	,	67.56	,	-77.7734	,	67.56	,
8.46	,	56.4	,	67.68	,	-76.956	,	67.68	,
8.475	,	56.5	,	67.8	,	-76.1381	,	67.8	,
8.49	,	56.6	,	67.92	,	-75.3199	,	67.92	,
8.505	,	56.7	,	68.04	,	-74.5012	,	68.04	,
8.52	,	56.8	,	68.16	,	-73.6823	,	68.16	,
8.535	,	56.9	,	68.28	,	-72.8631	,	68.28	,
8.55	,	57	,	68.4	,	-72.0436	,	68.4	,
8.565	,	57.1	,	68.52	,	-71.2239	,	68.52	,
8.58	,	57.2	,	68.64	,	-70.404	,	68.64	,
8.595	,	57.3	,	68.76	,	-69.584	,	68.76	,
8.61	,	57.4	,	68.88	,	-68.7638	,	68.88	,
8.625	,	57.5	,	69	,	-67.9437	,	69	,
8.64	,	57.6	,	69.12	,	-67.1234	,	69.12	,
8.655	,	57.7	,	69.24	,	-66.3032	,	69.24	,
8.67	,	57.8	,	69.36	,	-65.483	,	69.36	,
8.685	,	57.9	,	69.48	,	-64.6629	,	69.48	,
8.7	,	58	,	69.6	,	-63.8429	,	69.6	,
8.715	,	58.1	,	69.72	,	-63.0231	,	69.72	,
8.73	,	58.2	,	69.84	,	-62.2034	,	69.84	,
8.745	,	58.3	,	69.96	,	-61.384	,	69.96	,
8.76	,	58.4	,	70.08	,	-60.5648	,	70.08	,
8.775	,	58.5	,	70.2	,	-59.746	,	70.2	,
8.79	,	58.6	,	70.32	,	-58.9274	,	70.32	,
8.805	,	58.7	,	70.44	,	-58.1093	,	70.44	,
8.82	,	58.8	,	70.56	,	-57.2915	,	70.56	,
8.835	,	58.9	,	70.68	,	-56.4742	,	70.68	,
8.85	,	59	,	70.8	,	-55.6573	,	70.8	,
8.865	,	59.1	,	70.92	,	-54.841	,	70.92	,
8.88	,	59.2	,	71.04	,	-54.0252	,	71.04	,
8.895	,	59.3	,	71.16	,	-53.21	,	71.16	,
8.91	,	59.4	,	71.28	,	-52.3955	,	71.28	,
8.925	,	59.5	,	71.4	,	-51.5816	,	71.4	,
8.94	,	59.6	,	71.52	,	-50.7684	,	71.52	,
8.955	,	59.7	,	71.64	,	-49.9559	,	71.64	,
8.97	,	59.8	,	71.76	,	-49.1442	,	71.76	,
8.985	,	59.9	,	71.88	,	-48.3333	,	71.88	,
9	,	60	,	72	,	-47.5233	,	72	,
9.015	,	60.1	,	72.12	,	-46.7062	,	72.12	,
9.03	,	60.2	,	72.24	,	-45.8745	,	72.24	,
9.045	,	60.3	,	72.36	,	-45.0283	,	72.36	,
9.06	,	60.4	,	72.48	,	-44.168	,	72.48	,
9.075	,	60.5	,	72.6	,	-43.2939	,	72.6	,
9.09	,	60.6	,	72.72	,	-42.4062	,	72.72	,
9.105	,	60.7	,	72.84	,	-41.5053	,	72.84	,
9.12	,	60.8	,	72.96	,	-40.5915	,	72.96	,
9.135	,	60.9	,	73.08	,	-39.665	,	73.08	,
9.15	,	61	,	73.2	,	-38.7262	,	73.2	,
9.165	,	61.1	,	73.32	,	-37.7753	,	73.32	,
9.18	,	61.2	,	73.44	,	-36.8127	,	73.44	,
9.195	,	61.3	,	73.56	,	-35.8387	,	73.56	,
9.21	,	61.4	,	73.68	,	-34.8534	,	73.68	,
9.225	,	61.5	,	73.8	,	-33.8573	,	73.8	,
9.24	,	61.6	,	73.92	,	-32.8507	,	73.92	,
9.255	,	61.7	,	74.04	,	-31.8337	,	74.04	,
9.27	,	61.8	,	74.16	,	-30.8068	,	74.16	,
9.285	,	61.9	,	74.28	,	-29.7702	,	74.28	,
9.3	,	62	,	74.4	,	-28.7242	,	74.4	,
9.315	,	62.1	,	74.52	,	-27.6691	,	74.52	,
9.33	,	62.2	,	74.64	,	-26.6052	,	74.64	,
9.345	,	62.3	,	74.76	,	-25.5328	,	74.76	,
9.36	,	62.4	,	74.88	,	-24.4522	,	74.88	,
9.375	,	62.5	,	75	,	-23.3637	,	75	,
9.39	,	62.6	,	75.12	,	-22.2676	,	75.12	,
9.405	,	62.7	,	75.24	,	-21.1642	,	75.24	,
9.42	,	62.8	,	75.36	,	-20.0537	,	75.36	,
9.435	,	62.9	,	75.48	,	-18.9365	,	75.48	,
9.45	,	63	,	75.6	,	-17.8129	,	75.6	,
9.465	,	63.1	,	75.72	,	-16.6832	,	75.72	,
9.48	,	63.2	,	75.84	,	-15.5476	,	75.84	,
9.495	,	63.3	,	75.96	,	-14.4064	,	75.96	,
9.51	,	63.4	,	76.08	,	-13.2601	,	76.08	,
9.525	,	63.5	,	76.2	,	-12.1087	,	76.2	,
9.54	,	63.6	,	76.32	,	-10.9527	,	76.32	,
9.555	,	63.7	,	76.44	,	-9.79239	,	76.44	,
9.57	,	63.8	,	76.56	,	-8.62798	,	76.56	,
9.585	,	63.9	,	76.68	,	-7.4598	,	76.68	,
9.6	,	64	,	76.8	,	-6.28814	,	76.8	,
9.615	,	64.1	,	76.92	,	-5.1133	,	76.92	,
9.63	,	64.2	,	77.04	,	-3.93558	,	77.04	,
9.645	,	64.3	,	77.16	,	-2.75528	,	77.16	,
9.66	,	64.4	,	77.28	,	-1.57268	,	77.28	,
9.675	,	64.5	,	77.4	,	-0.38809	,	77.4	,
9.69	,	64.6	,	77.52	,	0.798198	,	77.52	,
9.705	,	64.7	,	77.64	,	1.985892	,	77.64	,
9.72	,	64.8	,	77.76	,	3.174695	,	77.76	,
9.735	,	64.9	,	77.88	,	4.364309	,	77.88	,
9.75	,	65	,	78	,	5.554441	,	78	,
9.765	,	65.1	,	78.12	,	6.744793	,	78.12	,
9.78	,	65.2	,	78.24	,	7.935071	,	78.24	,
9.795	,	65.3	,	78.36	,	9.124978	,	78.36	,
9.81	,	65.4	,	78.48	,	10.31422	,	78.48	,
9.825	,	65.5	,	78.6	,	11.5025	,	78.6	,
9.84	,	65.6	,	78.72	,	12.68952	,	78.72	,
9.855	,	65.7	,	78.84	,	13.87499	,	78.84	,
9.87	,	65.8	,	78.96	,	15.05861	,	78.96	,
9.885	,	65.9	,	79.08	,	16.24008	,	79.08	,
9.9	,	66	,	79.2	,	17.41911	,	79.2	,
9.915	,	66.1	,	79.32	,	18.59541	,	79.32	,
9.93	,	66.2	,	79.44	,	19.76868	,	79.44	,
9.945	,	66.3	,	79.56	,	20.93862	,	79.56	,
9.96	,	66.4	,	79.68	,	22.10493	,	79.68	,
9.975	,	66.5	,	79.8	,	23.26733	,	79.8	,
9.99	,	66.6	,	79.92	,	24.42551	,	79.92	,
10.005	,	66.7	,	80.04	,	25.57918	,	80.04	,
10.02	,	66.8	,	80.16	,	26.72804	,	80.16	,
10.035	,	66.9	,	80.28	,	27.87181	,	80.28	,
10.05	,	67	,	80.4	,	29.01017	,	80.4	,
10.065	,	67.1	,	80.52	,	30.14284	,	80.52	,
10.08	,	67.2	,	80.64	,	31.26953	,	80.64	,
10.095	,	67.3	,	80.76	,	32.38992	,	80.76	,
10.11	,	67.4	,	80.88	,	33.50374	,	80.88	,
10.125	,	67.5	,	81	,	34.61068	,	81	,
10.14	,	67.6	,	81.12	,	35.71045	,	81.12	,
10.155	,	67.7	,	81.24	,	36.80276	,	81.24	,
10.17	,	67.8	,	81.36	,	37.8873	,	81.36	,
10.185	,	67.9	,	81.48	,	38.96378	,	81.48	,
10.2	,	68	,	81.6	,	40.0319	,	81.6	,
10.215	,	68.1	,	81.72	,	41.09138	,	81.72	,
10.23	,	68.2	,	81.84	,	42.14191	,	81.84	,
10.245	,	68.3	,	81.96	,	43.18319	,	81.96	,
10.26	,	68.4	,	82.08	,	44.21494	,	82.08	,
10.275	,	68.5	,	82.2	,	45.23686	,	82.2	,
10.29	,	68.6	,	82.32	,	46.24865	,	82.32	,
10.305	,	68.7	,	82.44	,	47.25001	,	82.44	,
10.32	,	68.8	,	82.56	,	48.24065	,	82.56	,
10.335	,	68.9	,	82.68	,	49.22028	,	82.68	,
10.35	,	69	,	82.8	,	50.1886	,	82.8	,
10.365	,	69.1	,	82.92	,	51.1453	,	82.92	,
10.38	,	69.2	,	83.04	,	52.09011	,	83.04	,
10.395	,	69.3	,	83.16	,	53.02271	,	83.16	,
10.41	,	69.4	,	83.28	,	53.94282	,	83.28	,
10.425	,	69.5	,	83.4	,	54.85014	,	83.4	,
10.44	,	69.6	,	83.52	,	55.74438	,	83.52	,
10.455	,	69.7	,	83.64	,	56.62523	,	83.64	,
10.47	,	69.8	,	83.76	,	57.49241	,	83.76	,
10.485	,	69.9	,	83.88	,	58.34561	,	83.88	,
10.5	,	70	,	84	,	59.18454	,	84	,
10.515	,	70.1	,	84.12	,	59.99613	,	84.12	,
10.53	,	70.2	,	84.24	,	60.76771	,	84.24	,
10.545	,	70.3	,	84.36	,	61.49966	,	84.36	,
10.56	,	70.4	,	84.48	,	62.19233	,	84.48	,
10.575	,	70.5	,	84.6	,	62.84606	,	84.6	,
10.59	,	70.6	,	84.72	,	63.46123	,	84.72	,
10.605	,	70.7	,	84.84	,	64.03818	,	84.84	,
10.62	,	70.8	,	84.96	,	64.57728	,	84.96	,
10.635	,	70.9	,	85.08	,	65.07888	,	85.08	,
10.65	,	71	,	85.2	,	65.54333	,	85.2	,
10.665	,	71.1	,	85.32	,	65.97099	,	85.32	,
10.68	,	71.2	,	85.44	,	66.36222	,	85.44	,
10.695	,	71.3	,	85.56	,	66.71737	,	85.56	,
10.71	,	71.4	,	85.68	,	67.03681	,	85.68	,
10.725	,	71.5	,	85.8	,	67.32089	,	85.8	,
10.74	,	71.6	,	85.92	,	67.56995	,	85.92	,
10.755	,	71.7	,	86.04	,	67.78437	,	86.04	,
10.77	,	71.8	,	86.16	,	67.9645	,	86.16	,
10.785	,	71.9	,	86.28	,	68.11069	,	86.28	,
10.8	,	72	,	86.4	,	68.2233	,	86.4	,
10.815	,	72.1	,	86.52	,	68.30269	,	86.52	,
10.83	,	72.2	,	86.64	,	68.34921	,	86.64	,
10.845	,	72.3	,	86.76	,	68.36321	,	86.76	,
10.86	,	72.4	,	86.88	,	68.34507	,	86.88	,
10.875	,	72.5	,	87	,	68.29512	,	87	,
10.89	,	72.6	,	87.12	,	68.21374	,	87.12	,
10.905	,	72.7	,	87.24	,	68.10127	,	87.24	,
10.92	,	72.8	,	87.36	,	67.95807	,	87.36	,
10.935	,	72.9	,	87.48	,	67.7845	,	87.48	,
10.95	,	73	,	87.6	,	67.58091	,	87.6	,
10.965	,	73.1	,	87.72	,	67.34767	,	87.72	,
10.98	,	73.2	,	87.84	,	67.08512	,	87.84	,
10.995	,	73.3	,	87.96	,	66.79363	,	87.96	,
11.01	,	73.4	,	88.08	,	66.47355	,	88.08	,
11.025	,	73.5	,	88.2	,	66.12523	,	88.2	,
11.04	,	73.6	,	88.32	,	65.74903	,	88.32	,
11.055	,	73.7	,	88.44	,	65.34532	,	88.44	,
11.07	,	73.8	,	88.56	,	64.91444	,	88.56	,
11.085	,	73.9	,	88.68	,	64.45676	,	88.68	,
11.1	,	74	,	88.8	,	63.97262	,	88.8	,
11.115	,	74.1	,	88.92	,	63.46239	,	88.92	,
11.13	,	74.2	,	89.04	,	62.92642	,	89.04	,
11.145	,	74.3	,	89.16	,	62.36507	,	89.16	,
11.16	,	74.4	,	89.28	,	61.77869	,	89.28	,
11.175	,	74.5	,	89.4	,	61.16765	,	89.4	,
11.19	,	74.6	,	89.52	,	60.53229	,	89.52	,
11.205	,	74.7	,	89.64	,	59.87298	,	89.64	,
11.22	,	74.8	,	89.76	,	59.19007	,	89.76	,
11.235	,	74.9	,	89.88	,	58.48391	,	89.88	,
11.25	,	75	,	90	,	57.75487	,	90	,
11.265	,	75.1	,	90.12	,	57.0033	,	90.12	,
11.28	,	75.2	,	90.24	,	56.22955	,	90.24	,
11.295	,	75.3	,	90.36	,	55.43399	,	90.36	,
11.31	,	75.4	,	90.48	,	54.61697	,	90.48	,
11.325	,	75.5	,	90.6	,	53.77884	,	90.6	,
11.34	,	75.6	,	90.72	,	52.91996	,	90.72	,
11.355	,	75.7	,	90.84	,	52.04069	,	90.84	,
11.37	,	75.8	,	90.96	,	51.14139	,	90.96	,
11.385	,	75.9	,	91.08	,	50.22241	,	91.08	,
11.4	,	76	,	91.2	,	49.28411	,	91.2	,
11.415	,	76.1	,	91.32	,	48.32684	,	91.32	,
11.43	,	76.2	,	91.44	,	47.35096	,	91.44	,
11.445	,	76.3	,	91.56	,	46.35683	,	91.56	,
11.46	,	76.4	,	91.68	,	45.34481	,	91.68	,
11.475	,	76.5	,	91.8	,	44.31524	,	91.8	,
11.49	,	76.6	,	91.92	,	43.26849	,	91.92	,
11.505	,	76.7	,	92.04	,	42.20492	,	92.04	,
11.52	,	76.8	,	92.16	,	41.12487	,	92.16	,
11.535	,	76.9	,	92.28	,	40.02871	,	92.28	,
11.55	,	77	,	92.4	,	38.91679	,	92.4	,
11.565	,	77.1	,	92.52	,	37.78947	,	92.52	,
11.58	,	77.2	,	92.64	,	36.64711	,	92.64	,
11.595	,	77.3	,	92.76	,	35.49006	,	92.76	,
11.61	,	77.4	,	92.88	,	34.31867	,	92.88	,
11.625	,	77.5	,	93	,	33.13332	,	93	,
11.64	,	77.6	,	93.12	,	31.93434	,	93.12	,
11.655	,	77.7	,	93.24	,	30.7221	,	93.24	,
11.67	,	77.8	,	93.36	,	29.49695	,	93.36	,
11.685	,	77.9	,	93.48	,	28.25926	,	93.48	,
11.7	,	78	,	93.6	,	27.00937	,	93.6	,
11.715	,	78.1	,	93.72	,	25.74764	,	93.72	,
11.73	,	78.2	,	93.84	,	24.47444	,	93.84	,
11.745	,	78.3	,	93.96	,	23.19011	,	93.96	,
11.76	,	78.4	,	94.08	,	21.89501	,	94.08	,
11.775	,	78.5	,	94.2	,	20.58951	,	94.2	,
11.79	,	78.6	,	94.32	,	19.27395	,	94.32	,
11.805	,	78.7	,	94.44	,	17.94869	,	94.44	,
11.82	,	78.8	,	94.56	,	16.61409	,	94.56	,
11.835	,	78.9	,	94.68	,	15.2705	,	94.68	,
11.85	,	79	,	94.8	,	13.91829	,	94.8	,
11.865	,	79.1	,	94.92	,	12.5578	,	94.92	,
11.88	,	79.2	,	95.04	,	11.1894	,	95.04	,
11.895	,	79.3	,	95.16	,	9.81344	,	95.16	,
11.91	,	79.4	,	95.28	,	8.430276	,	95.28	,
11.925	,	79.5	,	95.4	,	7.040267	,	95.4	,
11.94	,	79.6	,	95.52	,	5.643767	,	95.52	,
11.955	,	79.7	,	95.64	,	4.241134	,	95.64	,
11.97	,	79.8	,	95.76	,	2.832724	,	95.76	,
11.985	,	79.9	,	95.88	,	1.418894	,	95.88	,
12	,	80	,	96	,	0	,	96	,
12.015	,	80.1	,	96.12	,	0	,	96.12	,
12.03	,	80.2	,	96.24	,	0	,	96.24	,
12.045	,	80.3	,	96.36	,	0	,	96.36	,
12.06	,	80.4	,	96.48	,	0	,	96.48	,
12.075	,	80.5	,	96.6	,	0	,	96.6	,
12.09	,	80.6	,	96.72	,	0	,	96.72	,
12.105	,	80.7	,	96.84	,	0	,	96.84	,
12.12	,	80.8	,	96.96	,	0	,	96.96	,
12.135	,	80.9	,	97.08	,	0	,	97.08	,
12.15	,	81	,	97.2	,	0	,	97.2	,
12.165	,	81.1	,	97.32	,	0	,	97.32	,
12.18	,	81.2	,	97.44	,	0	,	97.44	,
12.195	,	81.3	,	97.56	,	0	,	97.56	,
12.21	,	81.4	,	97.68	,	0	,	97.68	,
12.225	,	81.5	,	97.8	,	0	,	97.8	,
12.24	,	81.6	,	97.92	,	0	,	97.92	,
12.255	,	81.7	,	98.04	,	0	,	98.04	,
12.27	,	81.8	,	98.16	,	0	,	98.16	,
12.285	,	81.9	,	98.28	,	0	,	98.28	,
12.3	,	82	,	98.4	,	0	,	98.4	,
12.315	,	82.1	,	98.52	,	0	,	98.52	,
12.33	,	82.2	,	98.64	,	0	,	98.64	,
12.345	,	82.3	,	98.76	,	0	,	98.76	,
12.36	,	82.4	,	98.88	,	0	,	98.88	,
12.375	,	82.5	,	99	,	0	,	99	,
12.39	,	82.6	,	99.12	,	0	,	99.12	,
12.405	,	82.7	,	99.24	,	0	,	99.24	,
12.42	,	82.8	,	99.36	,	0	,	99.36	,
12.435	,	82.9	,	99.48	,	0	,	99.48	,
12.45	,	83	,	99.6	,	0	,	99.6	,
12.465	,	83.1	,	99.72	,	0	,	99.72	,
12.48	,	83.2	,	99.84	,	0	,	99.84	,
12.495	,	83.3	,	99.96	,	0	,	99.96	,
12.51	,	83.4	,	100.08	,	0	,	100.08	,
12.525	,	83.5	,	100.2	,	0	,	100.2	,
12.54	,	83.6	,	100.32	,	0	,	100.32	,
12.555	,	83.7	,	100.44	,	0	,	100.44	,
12.57	,	83.8	,	100.56	,	0	,	100.56	,
12.585	,	83.9	,	100.68	,	0	,	100.68	,
12.6	,	84	,	100.8	,	0	,	100.8	,
12.615	,	84.1	,	100.92	,	0	,	100.92	,
12.63	,	84.2	,	101.04	,	0	,	101.04	,
12.645	,	84.3	,	101.16	,	0	,	101.16	,
12.66	,	84.4	,	101.28	,	0	,	101.28	,
12.675	,	84.5	,	101.4	,	0	,	101.4	,
12.69	,	84.6	,	101.52	,	0	,	101.52	,
12.705	,	84.7	,	101.64	,	0	,	101.64	,
12.72	,	84.8	,	101.76	,	0	,	101.76	,
12.735	,	84.9	,	101.88	,	0	,	101.88	,
12.75	,	85	,	102	,	0	,	102	,
12.765	,	85.1	,	102.12	,	0	,	102.12	,
12.78	,	85.2	,	102.24	,	0	,	102.24	,
12.795	,	85.3	,	102.36	,	0	,	102.36	,
12.81	,	85.4	,	102.48	,	0	,	102.48	,
12.825	,	85.5	,	102.6	,	0	,	102.6	,
12.84	,	85.6	,	102.72	,	0	,	102.72	,
12.855	,	85.7	,	102.84	,	0	,	102.84	,
12.87	,	85.8	,	102.96	,	0	,	102.96	,
12.885	,	85.9	,	103.08	,	0	,	103.08	,
12.9	,	86	,	103.2	,	0	,	103.2	,
12.915	,	86.1	,	103.32	,	0	,	103.32	,
12.93	,	86.2	,	103.44	,	0	,	103.44	,
12.945	,	86.3	,	103.56	,	0	,	103.56	,
12.96	,	86.4	,	103.68	,	0	,	103.68	,
12.975	,	86.5	,	103.8	,	0	,	103.8	,
12.99	,	86.6	,	103.92	,	0	,	103.92	,
13.005	,	86.7	,	104.04	,	0	,	104.04	,
13.02	,	86.8	,	104.16	,	0	,	104.16	,
13.035	,	86.9	,	104.28	,	0	,	104.28	,
13.05	,	87	,	104.4	,	0	,	104.4	,
13.065	,	87.1	,	104.52	,	0	,	104.52	,
13.08	,	87.2	,	104.64	,	0	,	104.64	,
13.095	,	87.3	,	104.76	,	0	,	104.76	,
13.11	,	87.4	,	104.88	,	0	,	104.88	,
13.125	,	87.5	,	105	,	0	,	105	,
13.14	,	87.6	,	105.12	,	0	,	105.12	,
13.155	,	87.7	,	105.24	,	0	,	105.24	,
13.17	,	87.8	,	105.36	,	0	,	105.36	,
13.185	,	87.9	,	105.48	,	0	,	105.48	,
13.2	,	88	,	105.6	,	0	,	105.6	,
13.215	,	88.1	,	105.72	,	0	,	105.72	,
13.23	,	88.2	,	105.84	,	0	,	105.84	,
13.245	,	88.3	,	105.96	,	0	,	105.96	,
13.26	,	88.4	,	106.08	,	0	,	106.08	,
13.275	,	88.5	,	106.2	,	0	,	106.2	,
13.29	,	88.6	,	106.32	,	0	,	106.32	,
13.305	,	88.7	,	106.44	,	0	,	106.44	,
13.32	,	88.8	,	106.56	,	0	,	106.56	,
13.335	,	88.9	,	106.68	,	0	,	106.68	,
13.35	,	89	,	106.8	,	0	,	106.8	,
13.365	,	89.1	,	106.92	,	0	,	106.92	,
13.38	,	89.2	,	107.04	,	0	,	107.04	,
13.395	,	89.3	,	107.16	,	0	,	107.16	,
13.41	,	89.4	,	107.28	,	0	,	107.28	,
13.425	,	89.5	,	107.4	,	0	,	107.4	,
13.44	,	89.6	,	107.52	,	0	,	107.52	,
13.455	,	89.7	,	107.64	,	0	,	107.64	,
13.47	,	89.8	,	107.76	,	0	,	107.76	,
13.485	,	89.9	,	107.88	,	0	,	107.88	,
13.5	,	90	,	108	,	0	,	108	,
13.515	,	90.1	,	108.12	,	0	,	108.12	,
13.53	,	90.2	,	108.24	,	0	,	108.24	,
13.545	,	90.3	,	108.36	,	0	,	108.36	,
13.56	,	90.4	,	108.48	,	0	,	108.48	,
13.575	,	90.5	,	108.6	,	0	,	108.6	,
13.59	,	90.6	,	108.72	,	0	,	108.72	,
13.605	,	90.7	,	108.84	,	0	,	108.84	,
13.62	,	90.8	,	108.96	,	0	,	108.96	,
13.635	,	90.9	,	109.08	,	0	,	109.08	,
13.65	,	91	,	109.2	,	0	,	109.2	,
13.665	,	91.1	,	109.32	,	0	,	109.32	,
13.68	,	91.2	,	109.44	,	0	,	109.44	,
13.695	,	91.3	,	109.56	,	0	,	109.56	,
13.71	,	91.4	,	109.68	,	0	,	109.68	,
13.725	,	91.5	,	109.8	,	0	,	109.8	,
13.74	,	91.6	,	109.92	,	0	,	109.92	,
13.755	,	91.7	,	110.04	,	0	,	110.04	,
13.77	,	91.8	,	110.16	,	0	,	110.16	,
13.785	,	91.9	,	110.28	,	0	,	110.28	,
13.8	,	92	,	110.4	,	0	,	110.4	,
13.815	,	92.1	,	110.52	,	0	,	110.52	,
13.83	,	92.2	,	110.64	,	0	,	110.64	,
13.845	,	92.3	,	110.76	,	0	,	110.76	,
13.86	,	92.4	,	110.88	,	0	,	110.88	,
13.875	,	92.5	,	111	,	0	,	111	,
13.89	,	92.6	,	111.12	,	0	,	111.12	,
13.905	,	92.7	,	111.24	,	0	,	111.24	,
13.92	,	92.8	,	111.36	,	0	,	111.36	,
13.935	,	92.9	,	111.48	,	0	,	111.48	,
13.95	,	93	,	111.6	,	0	,	111.6	,
13.965	,	93.1	,	111.72	,	0	,	111.72	,
13.98	,	93.2	,	111.84	,	0	,	111.84	,
13.995	,	93.3	,	111.96	,	0	,	111.96	,
14.01	,	93.4	,	112.08	,	0	,	112.08	,
14.025	,	93.5	,	112.2	,	0	,	112.2	,
14.04	,	93.6	,	112.32	,	0	,	112.32	,
14.055	,	93.7	,	112.44	,	0	,	112.44	,
14.07	,	93.8	,	112.56	,	0	,	112.56	,
14.085	,	93.9	,	112.68	,	0	,	112.68	,
14.1	,	94	,	112.8	,	0	,	112.8	,
14.115	,	94.1	,	112.92	,	0	,	112.92	,
14.13	,	94.2	,	113.04	,	0	,	113.04	,
14.145	,	94.3	,	113.16	,	0	,	113.16	,
14.16	,	94.4	,	113.28	,	0	,	113.28	,
14.175	,	94.5	,	113.4	,	0	,	113.4	,
14.19	,	94.6	,	113.52	,	0	,	113.52	,
14.205	,	94.7	,	113.64	,	0	,	113.64	,
14.22	,	94.8	,	113.76	,	0	,	113.76	,
14.235	,	94.9	,	113.88	,	0	,	113.88	,
14.25	,	95	,	114	,	0	,	114	,
14.265	,	95.1	,	114.12	,	0	,	114.12	,
14.28	,	95.2	,	114.24	,	0	,	114.24	,
14.295	,	95.3	,	114.36	,	0	,	114.36	,
14.31	,	95.4	,	114.48	,	0	,	114.48	,
14.325	,	95.5	,	114.6	,	0	,	114.6	,
14.34	,	95.6	,	114.72	,	0	,	114.72	,
14.355	,	95.7	,	114.84	,	0	,	114.84	,
14.37	,	95.8	,	114.96	,	0	,	114.96	,
14.385	,	95.9	,	115.08	,	0	,	115.08	,
14.4	,	96	,	115.2	,	0	,	115.2	,
14.415	,	96.1	,	115.32	,	0	,	115.32	,
14.43	,	96.2	,	115.44	,	0	,	115.44	,
14.445	,	96.3	,	115.56	,	0	,	115.56	,
14.46	,	96.4	,	115.68	,	0	,	115.68	,
14.475	,	96.5	,	115.8	,	0	,	115.8	,
14.49	,	96.6	,	115.92	,	0	,	115.92	,
14.505	,	96.7	,	116.04	,	0	,	116.04	,
14.52	,	96.8	,	116.16	,	0	,	116.16	,
14.535	,	96.9	,	116.28	,	0	,	116.28	,
14.55	,	97	,	116.4	,	0	,	116.4	,
14.565	,	97.1	,	116.52	,	0	,	116.52	,
14.58	,	97.2	,	116.64	,	0	,	116.64	,
14.595	,	97.3	,	116.76	,	0	,	116.76	,
14.61	,	97.4	,	116.88	,	0	,	116.88	,
14.625	,	97.5	,	117	,	0	,	117	,
14.64	,	97.6	,	117.12	,	0	,	117.12	,
14.655	,	97.7	,	117.24	,	0	,	117.24	,
14.67	,	97.8	,	117.36	,	0	,	117.36	,
14.685	,	97.9	,	117.48	,	0	,	117.48	,
14.7	,	98	,	117.6	,	0	,	117.6	,
14.715	,	98.1	,	117.72	,	0	,	117.72	,
14.73	,	98.2	,	117.84	,	0	,	117.84	,
14.745	,	98.3	,	117.96	,	0	,	117.96	,
14.76	,	98.4	,	118.08	,	0	,	118.08	,
14.775	,	98.5	,	118.2	,	0	,	118.2	,
14.79	,	98.6	,	118.32	,	0	,	118.32	,
14.805	,	98.7	,	118.44	,	0	,	118.44	,
14.82	,	98.8	,	118.56	,	0	,	118.56	,
14.835	,	98.9	,	118.68	,	0	,	118.68	,
14.85	,	99	,	118.8	,	0	,	118.8	,
14.865	,	99.1	,	118.92	,	0	,	118.92	,
14.88	,	99.2	,	119.04	,	0	,	119.04	,
14.895	,	99.3	,	119.16	,	0	,	119.16	,
14.91	,	99.4	,	119.28	,	0	,	119.28	,
14.925	,	99.5	,	119.4	,	0	,	119.4	,
14.94	,	99.6	,	119.52	,	0	,	119.52	,
14.955	,	99.7	,	119.64	,	0	,	119.64	,
14.97	,	99.8	,	119.76	,	0	,	119.76	,
14.985	,	99.9	,	119.88	,	0	,	119.88	,
15	,	100	,	120	,	0	,	120	,
15.015	,	100.1	,	120.12	,	0	,	120.12	,
15.03	,	100.2	,	120.24	,	0	,	120.24	,
15.045	,	100.3	,	120.36	,	0	,	120.36	,
15.06	,	100.4	,	120.48	,	0	,	120.48	,
15.075	,	100.5	,	120.6	,	0	,	120.6	,
15.09	,	100.6	,	120.72	,	0	,	120.72	,
15.105	,	100.7	,	120.84	,	0	,	120.84	,
15.12	,	100.8	,	120.96	,	0	,	120.96	,
15.135	,	100.9	,	121.08	,	0	,	121.08	,
15.15	,	101	,	121.2	,	0	,	121.2	,
15.165	,	101.1	,	121.32	,	0	,	121.32	,
15.18	,	101.2	,	121.44	,	0	,	121.44	,
15.195	,	101.3	,	121.56	,	0	,	121.56	,
15.21	,	101.4	,	121.68	,	0	,	121.68	,
15.225	,	101.5	,	121.8	,	0	,	121.8	,
15.24	,	101.6	,	121.92	,	0	,	121.92	,
15.255	,	101.7	,	122.04	,	0	,	122.04	,
15.27	,	101.8	,	122.16	,	0	,	122.16	,
15.285	,	101.9	,	122.28	,	0	,	122.28	,
15.3	,	102	,	122.4	,	0	,	122.4	,
15.315	,	102.1	,	122.52	,	0	,	122.52	,
15.33	,	102.2	,	122.64	,	0	,	122.64	,
15.345	,	102.3	,	122.76	,	0	,	122.76	,
15.36	,	102.4	,	122.88	,	0	,	122.88	,
15.375	,	102.5	,	123	,	0	,	123	,
15.39	,	102.6	,	123.12	,	0	,	123.12	,
15.405	,	102.7	,	123.24	,	0	,	123.24	,
15.42	,	102.8	,	123.36	,	0	,	123.36	,
15.435	,	102.9	,	123.48	,	0	,	123.48	,
15.45	,	103	,	123.6	,	0	,	123.6	,
15.465	,	103.1	,	123.72	,	0	,	123.72	,
15.48	,	103.2	,	123.84	,	0	,	123.84	,
15.495	,	103.3	,	123.96	,	0	,	123.96	,
15.51	,	103.4	,	124.08	,	0	,	124.08	,
15.525	,	103.5	,	124.2	,	0	,	124.2	,
15.54	,	103.6	,	124.32	,	0	,	124.32	,
15.555	,	103.7	,	124.44	,	0	,	124.44	,
15.57	,	103.8	,	124.56	,	0	,	124.56	,
15.585	,	103.9	,	124.68	,	0	,	124.68	,
15.6	,	104	,	124.8	,	0	,	124.8	,
15.615	,	104.1	,	124.92	,	0	,	124.92	,
15.63	,	104.2	,	125.04	,	0	,	125.04	,
15.645	,	104.3	,	125.16	,	0	,	125.16	,
15.66	,	104.4	,	125.28	,	0	,	125.28	,
15.675	,	104.5	,	125.4	,	0	,	125.4	,
15.69	,	104.6	,	125.52	,	0	,	125.52	,
15.705	,	104.7	,	125.64	,	0	,	125.64	,
15.72	,	104.8	,	125.76	,	0	,	125.76	,
15.735	,	104.9	,	125.88	,	0	,	125.88	,
15.75	,	105	,	126	,	0	,	126	,
15.765	,	105.1	,	126.12	,	0	,	126.12	,
15.78	,	105.2	,	126.24	,	0	,	126.24	,
15.795	,	105.3	,	126.36	,	0	,	126.36	,
15.81	,	105.4	,	126.48	,	0	,	126.48	,
15.825	,	105.5	,	126.6	,	0	,	126.6	,
15.84	,	105.6	,	126.72	,	0	,	126.72	,
15.855	,	105.7	,	126.84	,	0	,	126.84	,
15.87	,	105.8	,	126.96	,	0	,	126.96	,
15.885	,	105.9	,	127.08	,	0	,	127.08	,
15.9	,	106	,	127.2	,	0	,	127.2	,
15.915	,	106.1	,	127.32	,	0	,	127.32	,
15.93	,	106.2	,	127.44	,	0	,	127.44	,
15.945	,	106.3	,	127.56	,	0	,	127.56	,
15.96	,	106.4	,	127.68	,	0	,	127.68	,
15.975	,	106.5	,	127.8	,	0	,	127.8	,
15.99	,	106.6	,	127.92	,	0	,	127.92	,
16.005	,	106.7	,	128.04	,	0	,	128.04	,
16.02	,	106.8	,	128.16	,	0	,	128.16	,
16.035	,	106.9	,	128.28	,	0	,	128.28	,
16.05	,	107	,	128.4	,	0	,	128.4	,
16.065	,	107.1	,	128.52	,	0	,	128.52	,
16.08	,	107.2	,	128.64	,	0	,	128.64	,
16.095	,	107.3	,	128.76	,	0	,	128.76	,
16.11	,	107.4	,	128.88	,	0	,	128.88	,
16.125	,	107.5	,	129	,	0	,	129	,
16.14	,	107.6	,	129.12	,	0	,	129.12	,
16.155	,	107.7	,	129.24	,	0	,	129.24	,
16.17	,	107.8	,	129.36	,	0	,	129.36	,
16.185	,	107.9	,	129.48	,	0	,	129.48	,
16.2	,	108	,	129.6	,	0	,	129.6	,
16.215	,	108.1	,	129.72	,	0	,	129.72	,
16.23	,	108.2	,	129.84	,	0	,	129.84	,
16.245	,	108.3	,	129.96	,	0	,	129.96	,
16.26	,	108.4	,	130.08	,	0	,	130.08	,
16.275	,	108.5	,	130.2	,	0	,	130.2	,
16.29	,	108.6	,	130.32	,	0	,	130.32	,
16.305	,	108.7	,	130.44	,	0	,	130.44	,
16.32	,	108.8	,	130.56	,	0	,	130.56	,
16.335	,	108.9	,	130.68	,	0	,	130.68	,
16.35	,	109	,	130.8	,	0	,	130.8	,
16.365	,	109.1	,	130.92	,	0	,	130.92	,
16.38	,	109.2	,	131.04	,	0	,	131.04	,
16.395	,	109.3	,	131.16	,	0	,	131.16	,
16.41	,	109.4	,	131.28	,	0	,	131.28	,
16.425	,	109.5	,	131.4	,	0	,	131.4	,
16.44	,	109.6	,	131.52	,	0	,	131.52	,
16.455	,	109.7	,	131.64	,	0	,	131.64	,
16.47	,	109.8	,	131.76	,	0	,	131.76	,
16.485	,	109.9	,	131.88	,	0	,	131.88	,
16.5	,	110	,	132	,	0	,	132	,
16.515	,	110.1	,	132.12	,	0	,	132.12	,
16.53	,	110.2	,	132.24	,	0	,	132.24	,
16.545	,	110.3	,	132.36	,	0	,	132.36	,
16.56	,	110.4	,	132.48	,	0	,	132.48	,
16.575	,	110.5	,	132.6	,	0	,	132.6	,
16.59	,	110.6	,	132.72	,	0	,	132.72	,
16.605	,	110.7	,	132.84	,	0	,	132.84	,
16.62	,	110.8	,	132.96	,	0	,	132.96	,
16.635	,	110.9	,	133.08	,	0	,	133.08	,
16.65	,	111	,	133.2	,	0	,	133.2	,
16.665	,	111.1	,	133.32	,	0	,	133.32	,
16.68	,	111.2	,	133.44	,	0	,	133.44	,
16.695	,	111.3	,	133.56	,	0	,	133.56	,
16.71	,	111.4	,	133.68	,	0	,	133.68	,
16.725	,	111.5	,	133.8	,	0	,	133.8	,
16.74	,	111.6	,	133.92	,	0	,	133.92	,
16.755	,	111.7	,	134.04	,	0	,	134.04	,
16.77	,	111.8	,	134.16	,	0	,	134.16	,
16.785	,	111.9	,	134.28	,	0	,	134.28	,
16.8	,	112	,	134.4	,	0	,	134.4	,
16.815	,	112.1	,	134.52	,	0	,	134.52	,
16.83	,	112.2	,	134.64	,	0	,	134.64	,
16.845	,	112.3	,	134.76	,	0	,	134.76	,
16.86	,	112.4	,	134.88	,	0	,	134.88	,
16.875	,	112.5	,	135	,	0	,	135	,
16.89	,	112.6	,	135.12	,	0	,	135.12	,
16.905	,	112.7	,	135.24	,	0	,	135.24	,
16.92	,	112.8	,	135.36	,	0	,	135.36	,
16.935	,	112.9	,	135.48	,	0	,	135.48	,
16.95	,	113	,	135.6	,	0	,	135.6	,
16.965	,	113.1	,	135.72	,	0	,	135.72	,
16.98	,	113.2	,	135.84	,	0	,	135.84	,
16.995	,	113.3	,	135.96	,	0	,	135.96	,
17.01	,	113.4	,	136.08	,	0	,	136.08	,
17.025	,	113.5	,	136.2	,	0	,	136.2	,
17.04	,	113.6	,	136.32	,	0	,	136.32	,
17.055	,	113.7	,	136.44	,	0	,	136.44	,
17.07	,	113.8	,	136.56	,	0	,	136.56	,
17.085	,	113.9	,	136.68	,	0	,	136.68	,
17.1	,	114	,	136.8	,	0	,	136.8	,
17.115	,	114.1	,	136.92	,	0	,	136.92	,
17.13	,	114.2	,	137.04	,	0	,	137.04	,
17.145	,	114.3	,	137.16	,	0	,	137.16	,
17.16	,	114.4	,	137.28	,	0	,	137.28	,
17.175	,	114.5	,	137.4	,	0	,	137.4	,
17.19	,	114.6	,	137.52	,	0	,	137.52	,
17.205	,	114.7	,	137.64	,	0	,	137.64	,
17.22	,	114.8	,	137.76	,	0	,	137.76	,
17.235	,	114.9	,	137.88	,	0	,	137.88	,
17.25	,	115	,	138	,	0	,	138	,
17.265	,	115.1	,	138.12	,	0	,	138.12	,
17.28	,	115.2	,	138.24	,	0	,	138.24	,
17.295	,	115.3	,	138.36	,	0	,	138.36	,
17.31	,	115.4	,	138.48	,	0	,	138.48	,
17.325	,	115.5	,	138.6	,	0	,	138.6	,
17.34	,	115.6	,	138.72	,	0	,	138.72	,
17.355	,	115.7	,	138.84	,	0	,	138.84	,
17.37	,	115.8	,	138.96	,	0	,	138.96	,
17.385	,	115.9	,	139.08	,	0	,	139.08	,
17.4	,	116	,	139.2	,	0	,	139.2	,
17.415	,	116.1	,	139.32	,	0	,	139.32	,
17.43	,	116.2	,	139.44	,	0	,	139.44	,
17.445	,	116.3	,	139.56	,	0	,	139.56	,
17.46	,	116.4	,	139.68	,	0	,	139.68	,
17.475	,	116.5	,	139.8	,	0	,	139.8	,
17.49	,	116.6	,	139.92	,	0	,	139.92	,
17.505	,	116.7	,	140.04	,	0	,	140.04	,
17.52	,	116.8	,	140.16	,	0	,	140.16	,
17.535	,	116.9	,	140.28	,	0	,	140.28	,
17.55	,	117	,	140.4	,	0	,	140.4	,
17.565	,	117.1	,	140.52	,	0	,	140.52	,
17.58	,	117.2	,	140.64	,	0	,	140.64	,
17.595	,	117.3	,	140.76	,	0	,	140.76	,
17.61	,	117.4	,	140.88	,	0	,	140.88	,
17.625	,	117.5	,	141	,	0	,	141	,
17.64	,	117.6	,	141.12	,	0	,	141.12	,
17.655	,	117.7	,	141.24	,	0	,	141.24	,
17.67	,	117.8	,	141.36	,	0	,	141.36	,
17.685	,	117.9	,	141.48	,	0	,	141.48	,
17.7	,	118	,	141.6	,	0	,	141.6	,
17.715	,	118.1	,	141.72	,	0	,	141.72	,
17.73	,	118.2	,	141.84	,	0	,	141.84	,
17.745	,	118.3	,	141.96	,	0	,	141.96	,
17.76	,	118.4	,	142.08	,	0	,	142.08	,
17.775	,	118.5	,	142.2	,	0	,	142.2	,
17.79	,	118.6	,	142.32	,	0	,	142.32	,
17.805	,	118.7	,	142.44	,	0	,	142.44	,
17.82	,	118.8	,	142.56	,	0	,	142.56	,
17.835	,	118.9	,	142.68	,	0	,	142.68	,
17.85	,	119	,	142.8	,	0	,	142.8	,
17.865	,	119.1	,	142.92	,	0	,	142.92	,
17.88	,	119.2	,	143.04	,	0	,	143.04	,
17.895	,	119.3	,	143.16	,	0	,	143.16	,
17.91	,	119.4	,	143.28	,	0	,	143.28	,
17.925	,	119.5	,	143.4	,	0	,	143.4	,
17.94	,	119.6	,	143.52	,	0	,	143.52	,
17.955	,	119.7	,	143.64	,	0	,	143.64	,
17.97	,	119.8	,	143.76	,	0	,	143.76	,
17.985	,	119.9	,	143.88	,	0	,	143.88	,
18	,	120	,	144	,	0	,	144	,
18.015	,	120.1	,	144.12	,	0	,	144.12	,
18.03	,	120.2	,	144.24	,	0	,	144.24	,
18.045	,	120.3	,	144.36	,	0	,	144.36	,
18.06	,	120.4	,	144.48	,	0	,	144.48	,
18.075	,	120.5	,	144.6	,	0	,	144.6	,
18.09	,	120.6	,	144.72	,	0	,	144.72	,
18.105	,	120.7	,	144.84	,	0	,	144.84	,
18.12	,	120.8	,	144.96	,	0	,	144.96	,
18.135	,	120.9	,	145.08	,	0	,	145.08	,
18.15	,	121	,	145.2	,	0	,	145.2	,
18.165	,	121.1	,	145.32	,	0	,	145.32	,
18.18	,	121.2	,	145.44	,	0	,	145.44	,
18.195	,	121.3	,	145.56	,	0	,	145.56	,
18.21	,	121.4	,	145.68	,	0	,	145.68	,
18.225	,	121.5	,	145.8	,	0	,	145.8	,
18.24	,	121.6	,	145.92	,	0	,	145.92	,
18.255	,	121.7	,	146.04	,	0	,	146.04	,
18.27	,	121.8	,	146.16	,	0	,	146.16	,
18.285	,	121.9	,	146.28	,	0	,	146.28	,
18.3	,	122	,	146.4	,	0	,	146.4	,
18.315	,	122.1	,	146.52	,	0	,	146.52	,
18.33	,	122.2	,	146.64	,	0	,	146.64	,
18.345	,	122.3	,	146.76	,	0	,	146.76	,
18.36	,	122.4	,	146.88	,	0	,	146.88	,
18.375	,	122.5	,	147	,	0	,	147	,
18.39	,	122.6	,	147.12	,	0	,	147.12	,
18.405	,	122.7	,	147.24	,	0	,	147.24	,
18.42	,	122.8	,	147.36	,	0	,	147.36	,
18.435	,	122.9	,	147.48	,	0	,	147.48	,
18.45	,	123	,	147.6	,	0	,	147.6	,
18.465	,	123.1	,	147.72	,	0	,	147.72	,
18.48	,	123.2	,	147.84	,	0	,	147.84	,
18.495	,	123.3	,	147.96	,	0	,	147.96	,
18.51	,	123.4	,	148.08	,	0	,	148.08	,
18.525	,	123.5	,	148.2	,	0	,	148.2	,
18.54	,	123.6	,	148.32	,	0	,	148.32	,
18.555	,	123.7	,	148.44	,	0	,	148.44	,
18.57	,	123.8	,	148.56	,	0	,	148.56	,
18.585	,	123.9	,	148.68	,	0	,	148.68	,
18.6	,	124	,	148.8	,	0	,	148.8	,
18.615	,	124.1	,	148.92	,	0	,	148.92	,
18.63	,	124.2	,	149.04	,	0	,	149.04	,
18.645	,	124.3	,	149.16	,	0	,	149.16	,
18.66	,	124.4	,	149.28	,	0	,	149.28	,
18.675	,	124.5	,	149.4	,	0	,	149.4	,
18.69	,	124.6	,	149.52	,	0	,	149.52	,
18.705	,	124.7	,	149.64	,	0	,	149.64	,
18.72	,	124.8	,	149.76	,	0	,	149.76	,
18.735	,	124.9	,	149.88	,	0	,	149.88	,
18.75	,	125	,	150	,	0	,	150	,
18.765	,	125.1	,	150.12	,	0	,	150.12	,
18.78	,	125.2	,	150.24	,	0	,	150.24	,
18.795	,	125.3	,	150.36	,	0	,	150.36	,
18.81	,	125.4	,	150.48	,	0	,	150.48	,
18.825	,	125.5	,	150.6	,	0	,	150.6	,
18.84	,	125.6	,	150.72	,	0	,	150.72	,
18.855	,	125.7	,	150.84	,	0	,	150.84	,
18.87	,	125.8	,	150.96	,	0	,	150.96	,
18.885	,	125.9	,	151.08	,	0	,	151.08	,
18.9	,	126	,	151.2	,	0	,	151.2	,
18.915	,	126.1	,	151.32	,	0	,	151.32	,
18.93	,	126.2	,	151.44	,	0	,	151.44	,
18.945	,	126.3	,	151.56	,	0	,	151.56	,
18.96	,	126.4	,	151.68	,	0	,	151.68	,
18.975	,	126.5	,	151.8	,	0	,	151.8	,
18.99	,	126.6	,	151.92	,	0	,	151.92	,
19.005	,	126.7	,	152.04	,	0	,	152.04	,
19.02	,	126.8	,	152.16	,	0	,	152.16	,
19.035	,	126.9	,	152.28	,	0	,	152.28	,
19.05	,	127	,	152.4	,	0	,	152.4	,
19.065	,	127.1	,	152.52	,	0	,	152.52	,
19.08	,	127.2	,	152.64	,	0	,	152.64	,
19.095	,	127.3	,	152.76	,	0	,	152.76	,
19.11	,	127.4	,	152.88	,	0	,	152.88	,
19.125	,	127.5	,	153	,	0	,	153	,
19.14	,	127.6	,	153.12	,	0	,	153.12	,
19.155	,	127.7	,	153.24	,	0	,	153.24	,
19.17	,	127.8	,	153.36	,	0	,	153.36	,
19.185	,	127.9	,	153.48	,	0	,	153.48	,
19.2	,	128	,	153.6	,	0	,	153.6	,
19.215	,	128.1	,	153.72	,	0	,	153.72	,
19.23	,	128.2	,	153.84	,	0	,	153.84	,
19.245	,	128.3	,	153.96	,	0	,	153.96	,
19.26	,	128.4	,	154.08	,	0	,	154.08	,
19.275	,	128.5	,	154.2	,	0	,	154.2	,
19.29	,	128.6	,	154.32	,	0	,	154.32	,
19.305	,	128.7	,	154.44	,	0	,	154.44	,
19.32	,	128.8	,	154.56	,	0	,	154.56	,
19.335	,	128.9	,	154.68	,	0	,	154.68	,
19.35	,	129	,	154.8	,	0	,	154.8	,
19.365	,	129.1	,	154.92	,	0	,	154.92	,
19.38	,	129.2	,	155.04	,	0	,	155.04	,
19.395	,	129.3	,	155.16	,	0	,	155.16	,
19.41	,	129.4	,	155.28	,	0	,	155.28	,
19.425	,	129.5	,	155.4	,	0	,	155.4	,
19.44	,	129.6	,	155.52	,	0	,	155.52	,
19.455	,	129.7	,	155.64	,	0	,	155.64	,
19.47	,	129.8	,	155.76	,	0	,	155.76	,
19.485	,	129.9	,	155.88	,	0	,	155.88	,
19.5	,	130	,	156	,	0	,	156	,
19.515	,	130.1	,	156.12	,	0	,	156.12	,
19.53	,	130.2	,	156.24	,	0	,	156.24	,
19.545	,	130.3	,	156.36	,	0	,	156.36	,
19.56	,	130.4	,	156.48	,	0	,	156.48	,
19.575	,	130.5	,	156.6	,	0	,	156.6	,
19.59	,	130.6	,	156.72	,	0	,	156.72	,
19.605	,	130.7	,	156.84	,	0	,	156.84	,
19.62	,	130.8	,	156.96	,	0	,	156.96	,
19.635	,	130.9	,	157.08	,	0	,	157.08	,
19.65	,	131	,	157.2	,	0	,	157.2	,
19.665	,	131.1	,	157.32	,	0	,	157.32	,
19.68	,	131.2	,	157.44	,	0	,	157.44	,
19.695	,	131.3	,	157.56	,	0	,	157.56	,
19.71	,	131.4	,	157.68	,	0	,	157.68	,
19.725	,	131.5	,	157.8	,	0	,	157.8	,
19.74	,	131.6	,	157.92	,	0	,	157.92	,
19.755	,	131.7	,	158.04	,	0	,	158.04	,
19.77	,	131.8	,	158.16	,	0	,	158.16	,
19.785	,	131.9	,	158.28	,	0	,	158.28	,
19.8	,	132	,	158.4	,	0	,	158.4	,
19.815	,	132.1	,	158.52	,	0	,	158.52	,
19.83	,	132.2	,	158.64	,	0	,	158.64	,
19.845	,	132.3	,	158.76	,	0	,	158.76	,
19.86	,	132.4	,	158.88	,	0	,	158.88	,
19.875	,	132.5	,	159	,	0	,	159	,
19.89	,	132.6	,	159.12	,	0	,	159.12	,
19.905	,	132.7	,	159.24	,	0	,	159.24	,
19.92	,	132.8	,	159.36	,	0	,	159.36	,
19.935	,	132.9	,	159.48	,	0	,	159.48	,
19.95	,	133	,	159.6	,	0	,	159.6	,
19.965	,	133.1	,	159.72	,	0	,	159.72	,
19.98	,	133.2	,	159.84	,	0	,	159.84	,
19.995	,	133.3	,	159.96	,	0	,	159.96	,
20.01	,	133.4	,	160.08	,	0	,	160.08	,
20.025	,	133.5	,	160.2	,	0	,	160.2	,
20.04	,	133.6	,	160.32	,	0	,	160.32	,
20.055	,	133.7	,	160.44	,	0	,	160.44	,
20.07	,	133.8	,	160.56	,	0	,	160.56	,
20.085	,	133.9	,	160.68	,	0	,	160.68	,
20.1	,	134	,	160.8	,	0	,	160.8	,
20.115	,	134.1	,	160.92	,	0	,	160.92	,
20.13	,	134.2	,	161.04	,	0	,	161.04	,
20.145	,	134.3	,	161.16	,	0	,	161.16	,
20.16	,	134.4	,	161.28	,	0	,	161.28	,
20.175	,	134.5	,	161.4	,	0	,	161.4	,
20.19	,	134.6	,	161.52	,	0	,	161.52	,
20.205	,	134.7	,	161.64	,	0	,	161.64	,
20.22	,	134.8	,	161.76	,	0	,	161.76	,
20.235	,	134.9	,	161.88	,	0	,	161.88	,
20.25	,	135	,	162	,	0	,	162	,
20.265	,	135.1	,	162.12	,	0	,	162.12	,
20.28	,	135.2	,	162.24	,	0	,	162.24	,
20.295	,	135.3	,	162.36	,	0	,	162.36	,
20.31	,	135.4	,	162.48	,	0	,	162.48	,
20.325	,	135.5	,	162.6	,	0	,	162.6	,
20.34	,	135.6	,	162.72	,	0	,	162.72	,
20.355	,	135.7	,	162.84	,	0	,	162.84	,
20.37	,	135.8	,	162.96	,	0	,	162.96	,
20.385	,	135.9	,	163.08	,	0	,	163.08	,
20.4	,	136	,	163.2	,	0	,	163.2	,
20.415	,	136.1	,	163.32	,	0	,	163.32	,
20.43	,	136.2	,	163.44	,	0	,	163.44	,
20.445	,	136.3	,	163.56	,	0	,	163.56	,
20.46	,	136.4	,	163.68	,	0	,	163.68	,
20.475	,	136.5	,	163.8	,	0	,	163.8	,
20.49	,	136.6	,	163.92	,	0	,	163.92	,
20.505	,	136.7	,	164.04	,	0	,	164.04	,
20.52	,	136.8	,	164.16	,	0	,	164.16	,
20.535	,	136.9	,	164.28	,	0	,	164.28	,
20.55	,	137	,	164.4	,	0	,	164.4	,
20.565	,	137.1	,	164.52	,	0	,	164.52	,
20.58	,	137.2	,	164.64	,	0	,	164.64	,
20.595	,	137.3	,	164.76	,	0	,	164.76	,
20.61	,	137.4	,	164.88	,	0	,	164.88	,
20.625	,	137.5	,	165	,	0	,	165	,
20.64	,	137.6	,	165.12	,	0	,	165.12	,
20.655	,	137.7	,	165.24	,	0	,	165.24	,
20.67	,	137.8	,	165.36	,	0	,	165.36	,
20.685	,	137.9	,	165.48	,	0	,	165.48	,
20.7	,	138	,	165.6	,	0	,	165.6	,
20.715	,	138.1	,	165.72	,	0	,	165.72	,
20.73	,	138.2	,	165.84	,	0	,	165.84	,
20.745	,	138.3	,	165.96	,	0	,	165.96	,
20.76	,	138.4	,	166.08	,	0	,	166.08	,
20.775	,	138.5	,	166.2	,	0	,	166.2	,
20.79	,	138.6	,	166.32	,	0	,	166.32	,
20.805	,	138.7	,	166.44	,	0	,	166.44	,
20.82	,	138.8	,	166.56	,	0	,	166.56	,
20.835	,	138.9	,	166.68	,	0	,	166.68	,
20.85	,	139	,	166.8	,	0	,	166.8	,
20.865	,	139.1	,	166.92	,	0	,	166.92	,
20.88	,	139.2	,	167.04	,	0	,	167.04	,
20.895	,	139.3	,	167.16	,	0	,	167.16	,
20.91	,	139.4	,	167.28	,	0	,	167.28	,
20.925	,	139.5	,	167.4	,	0	,	167.4	,
20.94	,	139.6	,	167.52	,	0	,	167.52	,
20.955	,	139.7	,	167.64	,	0	,	167.64	,
20.97	,	139.8	,	167.76	,	0	,	167.76	,
20.985	,	139.9	,	167.88	,	0	,	167.88	,
21	,	140	,	168	,	0	,	168	,
21.015	,	140.1	,	168.12	,	0	,	168.12	,
21.03	,	140.2	,	168.24	,	0	,	168.24	,
21.045	,	140.3	,	168.36	,	0	,	168.36	,
21.06	,	140.4	,	168.48	,	0	,	168.48	,
21.075	,	140.5	,	168.6	,	0	,	168.6	,
21.09	,	140.6	,	168.72	,	0	,	168.72	,
21.105	,	140.7	,	168.84	,	0	,	168.84	,
21.12	,	140.8	,	168.96	,	0	,	168.96	,
21.135	,	140.9	,	169.08	,	0	,	169.08	,
21.15	,	141	,	169.2	,	0	,	169.2	,
21.165	,	141.1	,	169.32	,	0	,	169.32	,
21.18	,	141.2	,	169.44	,	0	,	169.44	,
21.195	,	141.3	,	169.56	,	0	,	169.56	,
21.21	,	141.4	,	169.68	,	0	,	169.68	,
21.225	,	141.5	,	169.8	,	0	,	169.8	,
21.24	,	141.6	,	169.92	,	0	,	169.92	,
21.255	,	141.7	,	170.04	,	0	,	170.04	,
21.27	,	141.8	,	170.16	,	0	,	170.16	,
21.285	,	141.9	,	170.28	,	0	,	170.28	,
21.3	,	142	,	170.4	,	0	,	170.4	,
21.315	,	142.1	,	170.52	,	0	,	170.52	,
21.33	,	142.2	,	170.64	,	0	,	170.64	,
21.345	,	142.3	,	170.76	,	0	,	170.76	,
21.36	,	142.4	,	170.88	,	0	,	170.88	,
21.375	,	142.5	,	171	,	0	,	171	,
21.39	,	142.6	,	171.12	,	0	,	171.12	,
21.405	,	142.7	,	171.24	,	0	,	171.24	,
21.42	,	142.8	,	171.36	,	0	,	171.36	,
21.435	,	142.9	,	171.48	,	0	,	171.48	,
21.45	,	143	,	171.6	,	0	,	171.6	,
21.465	,	143.1	,	171.72	,	0	,	171.72	,
21.48	,	143.2	,	171.84	,	0	,	171.84	,
21.495	,	143.3	,	171.96	,	0	,	171.96	,
21.51	,	143.4	,	172.08	,	0	,	172.08	,
21.525	,	143.5	,	172.2	,	0	,	172.2	,
21.54	,	143.6	,	172.32	,	0	,	172.32	,
21.555	,	143.7	,	172.44	,	0	,	172.44	,
21.57	,	143.8	,	172.56	,	0	,	172.56	,
21.585	,	143.9	,	172.68	,	0	,	172.68	,
21.6	,	144	,	172.8	,	0	,	172.8	,
21.615	,	144.1	,	172.92	,	0	,	172.92	,
21.63	,	144.2	,	173.04	,	0	,	173.04	,
21.645	,	144.3	,	173.16	,	0	,	173.16	,
21.66	,	144.4	,	173.28	,	0	,	173.28	,
21.675	,	144.5	,	173.4	,	0	,	173.4	,
21.69	,	144.6	,	173.52	,	0	,	173.52	,
21.705	,	144.7	,	173.64	,	0	,	173.64	,
21.72	,	144.8	,	173.76	,	0	,	173.76	,
21.735	,	144.9	,	173.88	,	0	,	173.88	,
21.75	,	145	,	174	,	0	,	174	,
21.765	,	145.1	,	174.12	,	0	,	174.12	,
21.78	,	145.2	,	174.24	,	0	,	174.24	,
21.795	,	145.3	,	174.36	,	0	,	174.36	,
21.81	,	145.4	,	174.48	,	0	,	174.48	,
21.825	,	145.5	,	174.6	,	0	,	174.6	,
21.84	,	145.6	,	174.72	,	0	,	174.72	,
21.855	,	145.7	,	174.84	,	0	,	174.84	,
21.87	,	145.8	,	174.96	,	0	,	174.96	,
21.885	,	145.9	,	175.08	,	0	,	175.08	,
21.9	,	146	,	175.2	,	0	,	175.2	,
21.915	,	146.1	,	175.32	,	0	,	175.32	,
21.93	,	146.2	,	175.44	,	0	,	175.44	,
21.945	,	146.3	,	175.56	,	0	,	175.56	,
21.96	,	146.4	,	175.68	,	0	,	175.68	,
21.975	,	146.5	,	175.8	,	0	,	175.8	,
21.99	,	146.6	,	175.92	,	0	,	175.92	,
22.005	,	146.7	,	176.04	,	0	,	176.04	,
22.02	,	146.8	,	176.16	,	0	,	176.16	,
22.035	,	146.9	,	176.28	,	0	,	176.28	,
22.05	,	147	,	176.4	,	0	,	176.4	,
22.065	,	147.1	,	176.52	,	0	,	176.52	,
22.08	,	147.2	,	176.64	,	0	,	176.64	,
22.095	,	147.3	,	176.76	,	0	,	176.76	,
22.11	,	147.4	,	176.88	,	0	,	176.88	,
22.125	,	147.5	,	177	,	0	,	177	,
22.14	,	147.6	,	177.12	,	0	,	177.12	,
22.155	,	147.7	,	177.24	,	0	,	177.24	,
22.17	,	147.8	,	177.36	,	0	,	177.36	,
22.185	,	147.9	,	177.48	,	0	,	177.48	,
22.2	,	148	,	177.6	,	0	,	177.6	,
22.215	,	148.1	,	177.72	,	0	,	177.72	,
22.23	,	148.2	,	177.84	,	0	,	177.84	,
22.245	,	148.3	,	177.96	,	0	,	177.96	,
22.26	,	148.4	,	178.08	,	0	,	178.08	,
22.275	,	148.5	,	178.2	,	0	,	178.2	,
22.29	,	148.6	,	178.32	,	0	,	178.32	,
22.305	,	148.7	,	178.44	,	0	,	178.44	,
22.32	,	148.8	,	178.56	,	0	,	178.56	,
22.335	,	148.9	,	178.68	,	0	,	178.68	,
22.35	,	149	,	178.8	,	0	,	178.8	,
22.365	,	149.1	,	178.92	,	0	,	178.92	,
22.38	,	149.2	,	179.04	,	0	,	179.04	,
22.395	,	149.3	,	179.16	,	0	,	179.16	,
22.41	,	149.4	,	179.28	,	0	,	179.28	,
22.425	,	149.5	,	179.4	,	0	,	179.4	,
22.44	,	149.6	,	179.52	,	0	,	179.52	,
22.455	,	149.7	,	179.64	,	0	,	179.64	,
22.47	,	149.8	,	179.76	,	0	,	179.76	,
22.485	,	149.9	,	179.88	,	0	,	179.88	,
22.5	,	150	,	180	,	0	,	180	,
22.515	,	150.1	,	180.12	,	0	,	180.12	,
22.53	,	150.2	,	180.24	,	0	,	180.24	,
22.545	,	150.3	,	180.36	,	0	,	180.36	,
22.56	,	150.4	,	180.48	,	0	,	180.48	,
22.575	,	150.5	,	180.6	,	0	,	180.6	,
22.59	,	150.6	,	180.72	,	0	,	180.72	,
22.605	,	150.7	,	180.84	,	0	,	180.84	,
22.62	,	150.8	,	180.96	,	0	,	180.96	,
22.635	,	150.9	,	181.08	,	0	,	181.08	,
22.65	,	151	,	181.2	,	0	,	181.2	,
22.665	,	151.1	,	181.32	,	0	,	181.32	,
22.68	,	151.2	,	181.44	,	0	,	181.44	,
22.695	,	151.3	,	181.56	,	0	,	181.56	,
22.71	,	151.4	,	181.68	,	0	,	181.68	,
22.725	,	151.5	,	181.8	,	0	,	181.8	,
22.74	,	151.6	,	181.92	,	0	,	181.92	,
22.755	,	151.7	,	182.04	,	0	,	182.04	,
22.77	,	151.8	,	182.16	,	0	,	182.16	,
22.785	,	151.9	,	182.28	,	0	,	182.28	,
22.8	,	152	,	182.4	,	0	,	182.4	,
22.815	,	152.1	,	182.52	,	0	,	182.52	,
22.83	,	152.2	,	182.64	,	0	,	182.64	,
22.845	,	152.3	,	182.76	,	0	,	182.76	,
22.86	,	152.4	,	182.88	,	0	,	182.88	,
22.875	,	152.5	,	183	,	0	,	183	,
22.89	,	152.6	,	183.12	,	0	,	183.12	,
22.905	,	152.7	,	183.24	,	0	,	183.24	,
22.92	,	152.8	,	183.36	,	0	,	183.36	,
22.935	,	152.9	,	183.48	,	0	,	183.48	,
22.95	,	153	,	183.6	,	0	,	183.6	,
22.965	,	153.1	,	183.72	,	0	,	183.72	,
22.98	,	153.2	,	183.84	,	0	,	183.84	,
22.995	,	153.3	,	183.96	,	0	,	183.96	,
23.01	,	153.4	,	184.08	,	0	,	184.08	,
23.025	,	153.5	,	184.2	,	0	,	184.2	,
23.04	,	153.6	,	184.32	,	0	,	184.32	,
23.055	,	153.7	,	184.44	,	0	,	184.44	,
23.07	,	153.8	,	184.56	,	0	,	184.56	,
23.085	,	153.9	,	184.68	,	0	,	184.68	,
23.1	,	154	,	184.8	,	0	,	184.8	,
23.115	,	154.1	,	184.92	,	0	,	184.92	,
23.13	,	154.2	,	185.04	,	0	,	185.04	,
23.145	,	154.3	,	185.16	,	0	,	185.16	,
23.16	,	154.4	,	185.28	,	0	,	185.28	,
23.175	,	154.5	,	185.4	,	0	,	185.4	,
23.19	,	154.6	,	185.52	,	0	,	185.52	,
23.205	,	154.7	,	185.64	,	0	,	185.64	,
23.22	,	154.8	,	185.76	,	0	,	185.76	,
23.235	,	154.9	,	185.88	,	0	,	185.88	,
23.25	,	155	,	186	,	0	,	186	,
23.265	,	155.1	,	186.12	,	0	,	186.12	,
23.28	,	155.2	,	186.24	,	0	,	186.24	,
23.295	,	155.3	,	186.36	,	0	,	186.36	,
23.31	,	155.4	,	186.48	,	0	,	186.48	,
23.325	,	155.5	,	186.6	,	0	,	186.6	,
23.34	,	155.6	,	186.72	,	0	,	186.72	,
23.355	,	155.7	,	186.84	,	0	,	186.84	,
23.37	,	155.8	,	186.96	,	0	,	186.96	,
23.385	,	155.9	,	187.08	,	0	,	187.08	,
23.4	,	156	,	187.2	,	0	,	187.2	,
23.415	,	156.1	,	187.32	,	0	,	187.32	,
23.43	,	156.2	,	187.44	,	0	,	187.44	,
23.445	,	156.3	,	187.56	,	0	,	187.56	,
23.46	,	156.4	,	187.68	,	0	,	187.68	,
23.475	,	156.5	,	187.8	,	0	,	187.8	,
23.49	,	156.6	,	187.92	,	0	,	187.92	,
23.505	,	156.7	,	188.04	,	0	,	188.04	,
23.52	,	156.8	,	188.16	,	0	,	188.16	,
23.535	,	156.9	,	188.28	,	0	,	188.28	,
23.55	,	157	,	188.4	,	0	,	188.4	,
23.565	,	157.1	,	188.52	,	0	,	188.52	,
23.58	,	157.2	,	188.64	,	0	,	188.64	,
23.595	,	157.3	,	188.76	,	0	,	188.76	,
23.61	,	157.3	,	188.88	,	0	,	188.88	,
23.625	,	157.3	,	189	,	0	,	189	,
23.64	,	157.3	,	189.12	,	0	,	189.12	,
23.655	,	157.3	,	189.24	,	0	,	189.24	,
23.67	,	157.3	,	189.36	,	0	,	189.36	,
23.685	,	157.3	,	189.48	,	0	,	189.48	,
23.7	,	157.3	,	189.6	,	0	,	189.6	,
23.715	,	157.3	,	189.72	,	0	,	189.72	,
23.73	,	157.3	,	189.84	,	0	,	189.84	,
23.745	,	157.3	,	189.96	,	0	,	189.96	,
23.76	,	157.3	,	190.08	,	0	,	190.08	,
23.775	,	157.3	,	190.2	,	0	,	190.2	,
23.79	,	157.3	,	190.32	,	0	,	190.32	,
23.805	,	157.3	,	190.44	,	0	,	190.44	,
23.82	,	157.3	,	190.56	,	0	,	190.56	,
23.835	,	157.3	,	190.68	,	0	,	190.68	,
23.85	,	157.3	,	190.8	,	0	,	190.8	,
23.865	,	157.3	,	190.92	,	0	,	190.92	,
23.88	,	157.3	,	191.04	,	0	,	191.04	,
23.895	,	157.3	,	191.16	,	0	,	191.16	,
23.91	,	157.3	,	191.28	,	0	,	191.28	,
23.925	,	157.3	,	191.4	,	0	,	191.4	,
23.94	,	157.3	,	191.52	,	0	,	191.52	,
23.955	,	157.3	,	191.64	,	0	,	191.64	,
23.97	,	157.3	,	191.76	,	0	,	191.76	,
23.985	,	157.3	,	191.88	,	0	,	191.88	,
24	,	157.3	,	192	,	0	,	192	,
24.015	,	157.3	,	192.12	,	0	,	192.12	,
24.03	,	157.3	,	192.24	,	0	,	192.24	,
24.045	,	157.3	,	192.36	,	0	,	192.36	,
24.06	,	157.3	,	192.48	,	0	,	192.48	,
24.075	,	157.3	,	192.6	,	0	,	192.6	,
24.09	,	157.3	,	192.72	,	0	,	192.72	,
24.105	,	157.3	,	192.84	,	0	,	192.84	,
24.12	,	157.3	,	192.96	,	0	,	192.96	,
24.135	,	157.3	,	193.08	,	0	,	193.08	,
24.15	,	157.3	,	193.2	,	0	,	193.2	,
24.165	,	157.3	,	193.32	,	0	,	193.32	,
24.18	,	157.3	,	193.44	,	0	,	193.44	,
24.195	,	157.3	,	193.56	,	0	,	193.56	,
24.21	,	157.3	,	193.68	,	0	,	193.68	,
24.225	,	157.3	,	193.8	,	0	,	193.8	,
24.24	,	157.3	,	193.92	,	0	,	193.92	,
24.255	,	157.3	,	194.04	,	0	,	194.04	,
24.27	,	157.3	,	194.16	,	0	,	194.16	,
24.285	,	157.3	,	194.28	,	0	,	194.28	,
24.3	,	157.3	,	194.4	,	0	,	194.4	,
24.315	,	157.3	,	194.52	,	0	,	194.52	,
24.33	,	157.3	,	194.64	,	0	,	194.64	,
24.345	,	157.3	,	194.76	,	0	,	194.76	,
24.36	,	157.3	,	194.88	,	0	,	194.88	,
24.375	,	157.3	,	195	,	0	,	195	,
24.39	,	157.3	,	195.12	,	0	,	195.12	,
24.405	,	157.3	,	195.24	,	0	,	195.24	,
24.42	,	157.3	,	195.36	,	0	,	195.36	,
24.435	,	157.3	,	195.48	,	0	,	195.48	,
24.45	,	157.3	,	195.6	,	0	,	195.6	,
24.465	,	157.3	,	195.72	,	0	,	195.72	,
24.48	,	157.3	,	195.84	,	0	,	195.84	,
24.495	,	157.3	,	195.96	,	0	,	195.96	,
24.51	,	157.3	,	196.08	,	0	,	196.08	,
24.525	,	157.3	,	196.08	,	0	,	196.2	,
24.54	,	157.3	,	196.08	,	0	,	196.32	,
24.555	,	157.3	,	196.08	,	0	,	196.44	,
24.57	,	157.3	,	196.08	,	0	,	196.56	,
24.585	,	157.3	,	196.08	,	0	,	196.68	,
24.6	,	157.3	,	196.08	,	0	,	196.8	,
24.615	,	157.3	,	196.08	,	0	,	196.92	,
24.63	,	157.3	,	196.08	,	0	,	197.04	,
24.645	,	157.3	,	196.08	,	0	,	197.16	,
24.66	,	157.3	,	196.08	,	0	,	197.28	,
24.675	,	157.3	,	196.08	,	0	,	197.4	,
24.69	,	157.3	,	196.08	,	0	,	197.52	,
24.705	,	157.3	,	196.08	,	0	,	197.64	,
24.72	,	157.3	,	196.08	,	0	,	197.76	,
24.735	,	157.3	,	196.08	,	0	,	197.88	,
24.75	,	157.3	,	196.08	,	0	,	198	,
24.765	,	157.3	,	196.08	,	0	,	198.12	,
24.78	,	157.3	,	196.08	,	0	,	198.24	,
24.795	,	157.3	,	196.08	,	0	,	198.36	,
24.81	,	157.3	,	196.08	,	0	,	198.48	,
24.825	,	157.3	,	196.08	,	0	,	198.6	,
24.84	,	157.3	,	196.08	,	0	,	198.72	,
24.855	,	157.3	,	196.08	,	0	,	198.84	,
24.87	,	157.3	,	196.08	,	0	,	198.96	,
24.885	,	157.3	,	196.08	,	0	,	199.08	,
24.9	,	157.3	,	196.08	,	0	,	199.2	,
24.915	,	157.3	,	196.08	,	0	,	199.32	,
24.93	,	157.3	,	196.08	,	0	,	199.44	,
24.945	,	157.3	,	196.08	,	0	,	199.56	,
24.96	,	157.3	,	196.08	,	0	,	199.68	,
24.975	,	157.3	,	196.08	,	0	,	199.8	,
24.99	,	157.3	,	196.08	,	0	,	199.92	,
25.005	,	157.3	,	196.08	,	0	,	200.04	,
25.02	,	157.3	,	196.08	,	0	,	200.16	,
25.035	,	157.3	,	196.08	,	0	,	200.28	,
25.05	,	157.3	,	196.08	,	0	,	200.4	,
25.065	,	157.3	,	196.08	,	0	,	200.52	,
25.08	,	157.3	,	196.08	,	0	,	200.64	,
25.095	,	157.3	,	196.08	,	0	,	200.76	,
25.11	,	157.3	,	196.08	,	0	,	200.88	,
25.125	,	157.3	,	196.08	,	0	,	201	,
25.14	,	157.3	,	196.08	,	0	,	201.12	,
25.155	,	157.3	,	196.08	,	0	,	201.24	,
25.17	,	157.3	,	196.08	,	0	,	201.36	,
25.185	,	157.3	,	196.08	,	0	,	201.48	,
25.2	,	157.3	,	196.08	,	0	,	201.6	,
25.215	,	157.3	,	196.08	,	0	,	201.72	,
25.23	,	157.3	,	196.08	,	0	,	201.84	,
25.245	,	157.3	,	196.08	,	0	,	201.96	,
25.26	,	157.3	,	196.08	,	0	,	202.08	,
25.275	,	157.3	,	196.08	,	0	,	202.2	,
25.29	,	157.3	,	196.08	,	0	,	202.32	,
25.305	,	157.3	,	196.08	,	0	,	202.44	,
25.32	,	157.3	,	196.08	,	0	,	202.56	,
25.335	,	157.3	,	196.08	,	0	,	202.68	,
25.35	,	157.3	,	196.08	,	0	,	202.8	,
25.365	,	157.3	,	196.08	,	0	,	202.92	,
25.38	,	157.3	,	196.08	,	0	,	203.04	,
25.395	,	157.3	,	196.08	,	0	,	203.16	,
25.41	,	157.3	,	196.08	,	0	,	203.28	,
25.425	,	157.3	,	196.08	,	0	,	203.4	,
25.44	,	157.3	,	196.08	,	0	,	203.52	,
25.455	,	157.3	,	196.08	,	0	,	203.64	,
25.47	,	157.3	,	196.08	,	0	,	203.76	,
25.485	,	157.3	,	196.08	,	0	,	203.88	,
25.5	,	157.3	,	196.08	,	0	,	204	,
25.515	,	157.3	,	196.08	,	0	,	204.12	,
25.53	,	157.3	,	196.08	,	0	,	204.24	,
25.545	,	157.3	,	196.08	,	0	,	204.36	,
25.56	,	157.3	,	196.08	,	0	,	204.48	,
25.575	,	157.3	,	196.08	,	0	,	204.6	,
25.59	,	157.3	,	196.08	,	0	,	204.72	,
25.605	,	157.3	,	196.08	,	0	,	204.84	,
25.62	,	157.3	,	196.08	,	0	,	204.96	,
25.635	,	157.3	,	196.08	,	0	,	205.08	,
25.65	,	157.3	,	196.08	,	0	,	205.2	,
25.665	,	157.3	,	196.08	,	0	,	205.32	,
25.68	,	157.3	,	196.08	,	0	,	205.44	,
25.695	,	157.3	,	196.08	,	0	,	205.56	,
25.71	,	157.3	,	196.08	,	0	,	205.68	,
25.725	,	157.3	,	196.08	,	0	,	205.8	,
25.74	,	157.3	,	196.08	,	0	,	205.92	,
25.755	,	157.3	,	196.08	,	0	,	206.04	,
25.77	,	157.3	,	196.08	,	0	,	206.16	,
25.785	,	157.3	,	196.08	,	0	,	206.28	,
25.8	,	157.3	,	196.08	,	0	,	206.4	,
25.815	,	157.3	,	196.08	,	0	,	206.52	,
25.83	,	157.3	,	196.08	,	0	,	206.64	,
25.845	,	157.3	,	196.08	,	0	,	206.76	,
25.86	,	157.3	,	196.08	,	0	,	206.88	,
25.875	,	157.3	,	196.08	,	0	,	207	,
25.89	,	157.3	,	196.08	,	0	,	207.12	,
25.905	,	157.3	,	196.08	,	0	,	207.24	,
25.92	,	157.3	,	196.08	,	0	,	207.36	,
25.935	,	157.3	,	196.08	,	0	,	207.48	,
25.95	,	157.3	,	196.08	,	0	,	207.6	,
25.965	,	157.3	,	196.08	,	0	,	207.72	,
25.98	,	157.3	,	196.08	,	0	,	207.84	,
25.995	,	157.3	,	196.08	,	0	,	207.96	,
26.01	,	157.3	,	196.08	,	0	,	208.08	,
26.025	,	157.3	,	196.08	,	0	,	208.2	,
26.04	,	157.3	,	196.08	,	0	,	208.32	,
26.055	,	157.3	,	196.08	,	0	,	208.44	,
26.07	,	157.3	,	196.08	,	0	,	208.56	,
26.085	,	157.3	,	196.08	,	0	,	208.68	,
26.1	,	157.3	,	196.08	,	0	,	208.8	,
26.115	,	157.3	,	196.08	,	0	,	208.92	,
26.13	,	157.3	,	196.08	,	0	,	209.04	,
26.145	,	157.3	,	196.08	,	0	,	209.16	,
26.16	,	157.3	,	196.08	,	0	,	209.28	,
26.175	,	157.3	,	196.08	,	0	,	209.4	,
