0.003821,0.0,0.0
0.016483,0.0,0.0
0.036496,0.18,0.0
0.053869,1.62,0.0
0.064382,2.52,0.0
0.081944,3.6,0.0
0.093966,4.14,0.0
0.108529,4.68,0.0
0.12443,5.58,0.0
0.138821,7.2,0.0
0.153823,9.0,0.0
0.166672,10.8,0.0
0.181081,12.42,0.0
0.196176,14.76,0.0
0.211604,17.1,-0.18
0.227183,19.62,-0.54
0.245808,21.96,-0.72
0.258369,23.4,-0.72
0.278177,25.92,-0.9
0.29099,27.54,-1.08
0.306163,29.52,-1.08
0.31805,30.6,-1.08
0.333533,32.4,-1.08
0.350491,34.56,-1.08
0.362546,36.54,-1.26
0.376787,38.52,-1.44
0.390737,40.14,-1.62
0.409681,42.48,-1.8
0.424072,44.82,-2.16
0.43875,46.26,-2.16
0.454019,48.06,-2.34
0.466803,49.32,-2.34
0.482106,51.12,-2.7
0.499786,53.1,-2.7
0.51512,55.08,-2.7
0.528454,56.7,-2.7
0.546556,59.04,-2.7
0.55961,60.84,-3.06
0.571009,62.1,-3.24
0.590091,64.44,-3.42
0.605268,66.24,-3.6
0.618141,67.32,-3.6
0.634492,68.94,-3.6
0.650068,70.74,-3.6
0.666184,72.72,-3.78
0.680825,74.88,-4.14
0.695808,76.14,-4.32
0.711048,77.58,-4.5
0.726507,79.56,-4.68
0.739161,80.82,-4.68
0.754922,82.44,-4.68
0.76955,84.24,-4.86
0.786042,86.04,-5.04
0.800616,87.48,-5.22
0.814807,88.92,-5.4
0.829914,90.72,-5.58
0.843961,91.8,-5.58
0.856897,92.88,-5.58
0.871188,93.96,-5.76
0.888378,96.12,-5.76
0.908059,98.1,-5.76
0.922702,99.72,-6.12
0.935545,101.16,-6.12
0.951754,102.96,-6.12
0.962999,104.04,-6.3
0.978331,105.66,-6.3
0.995704,107.46,-6.48
1.008787,108.72,-6.66
1.024138,110.16,-6.66
1.03855,111.42,-6.84
1.051919,112.68,-7.02
1.066369,113.76,-7.2
1.081197,115.2,-7.38
1.095948,116.46,-7.74
1.1135,118.08,-7.74
1.127814,119.52,-7.92
1.143454,120.96,-7.92
1.160087,122.76,-8.1
1.1728,123.66,-8.1
1.188136,125.1,-8.1
1.202274,126.18,-8.1
1.217248,127.26,-8.1
1.234877,129.24,-8.28
1.249616,131.22,-8.64
1.263649,132.3,-8.82
1.280344,133.56,-8.82
1.294271,134.64,-9.18
1.309699,136.08,-9.18
1.323132,136.98,-9.18
1.337917,138.06,-9.18
1.352247,139.32,-9.36
1.370531,141.12,-9.72
1.385031,142.2,-9.9
1.400554,143.28,-10.08
1.416805,144.72,-10.08
1.428091,145.44,-10.08
1.44248,146.52,-10.26
1.460613,148.32,-10.44
1.475667,149.4,-10.62
1.490403,150.48,-10.62
1.505685,151.74,-10.8
1.518533,152.64,-10.8
1.53512,153.9,-10.8
1.55157,155.16,-11.16
1.563895,156.06,-11.16
1.579351,156.96,-11.16
1.592024,157.86,-11.34
1.606057,158.94,-11.34
1.620713,160.02,-11.34
1.636799,161.28,-11.7
1.652217,162.54,-11.88
1.666774,163.44,-11.88
1.685016,164.88,-12.24
1.701275,166.32,-12.42
1.714195,167.58,-12.6
1.730887,168.48,-12.78
1.744354,169.56,-12.78
1.76117,170.64,-12.78
1.773444,171.18,-12.78
1.786722,171.72,-12.78
1.80131,172.08,-12.78
1.816074,172.44,-12.96
1.83151,172.62,-13.32
1.848861,172.98,-13.5
1.865676,173.16,-13.68
1.879641,173.52,-13.68
1.893656,173.88,-13.68
1.911213,173.88,-13.68
1.924238,174.96,-13.86
1.938931,176.04,-14.22
1.956828,177.12,-14.4
1.972584,177.66,-14.76
1.984589,177.84,-14.76
1.996674,177.84,-14.76
2.010821,178.02,-14.76
2.025969,178.02,-14.76
2.040846,178.02,-14.76
2.056021,178.02,-15.12
2.071323,178.02,-15.3
2.086387,178.02,-15.48
2.100736,178.02,-15.66
2.117036,178.02,-15.84
2.130937,178.02,-15.84
2.14617,178.02,-15.84
2.160845,178.02,-15.84
2.176015,178.02,-15.84
2.190923,178.02,-16.2
2.205769,178.02,-16.2
2.223114,178.02,-16.38
2.239222,178.02,-16.38
2.254225,178.02,-16.56
2.26945,178.02,-16.74
2.284399,178.02,-16.74
2.298599,178.02,-16.74
2.312733,178.02,-16.74
2.326837,178.02,-16.92
2.342053,178.02,-17.28
2.356048,178.02,-17.46
2.371234,178.02,-17.82
2.386006,178.02,-17.82
2.401933,178.02,-18.0
2.416042,178.02,-18.18
2.430712,178.02,-18.18
2.448322,178.02,-18.18
2.461401,178.02,-18.18
2.476842,178.02,-18.36
2.492777,178.02,-18.54
2.506861,178.02,-18.72
2.520998,178.02,-18.72
2.535901,178.02,-18.9
2.55258,178.02,-19.08
2.568871,178.02,-19.26
2.58501,178.02,-19.44
2.598419,178.02,-19.44
2.612691,178.02,-19.8
2.626479,178.02,-19.8
2.641143,178.02,-19.8
2.655884,178.02,-19.8
2.670835,178.02,-20.16
2.68719,178.02,-20.34
2.701963,178.02,-20.34
2.715692,178.02,-20.52
2.730937,178.02,-20.7
2.74709,178.02,-20.7
2.76169,178.02,-20.88
2.77807,178.02,-20.88
2.792182,178.02,-20.88
2.806705,178.02,-20.88
2.820834,178.02,-21.24
2.83584,178.02,-21.24
2.85096,178.02,-21.42
2.866337,178.02,-21.42
2.880628,178.02,-21.42
2.897068,178.02,-21.78
2.911803,178.02,-21.78
2.92908,178.02,-21.96
2.942106,178.02,-22.14
2.958481,178.02,-22.32
2.972687,178.02,-22.5
2.988202,178.02,-22.68
3.000959,178.02,-22.86
3.016491,178.02,-22.86
3.031888,178.02,-22.86
3.045972,178.02,-22.86
3.060721,178.02,-23.04
3.075881,178.02,-23.22
3.09091,178.02,-23.4
3.105761,178.02,-23.58
3.121464,178.02,-23.76
3.136178,178.02,-23.76
3.151347,178.02,-23.76
3.165664,178.02,-23.76
3.183702,178.02,-23.94
3.198143,178.02,-24.12
3.211751,178.02,-24.3
3.227175,178.02,-24.48
3.24158,178.02,-24.48
3.255913,178.02,-24.84
3.2726,178.02,-25.02
3.285696,178.02,-25.2
3.301244,178.02,-25.2
3.315711,178.02,-25.2
3.331685,178.02,-25.38
3.348657,178.02,-25.38
3.36465,178.02,-25.56
3.378586,178.02,-25.92
3.394899,178.02,-25.92
3.40964,178.02,-25.92
3.423441,178.02,-26.1
3.437903,178.02,-26.28
3.454751,178.02,-26.28
3.46858,178.02,-26.28
3.482381,178.02,-26.28
3.496823,178.02,-26.46
3.511892,178.02,-26.46
3.526607,178.02,-26.64
3.541652,178.02,-26.82
3.556175,178.02,-26.82
3.570907,178.02,-27.0
3.586593,178.02,-27.18
3.601031,178.02,-27.36
3.616163,178.02,-27.54
3.631711,178.02,-27.9
3.647363,178.02,-27.9
3.6614,178.02,-27.9
3.676073,178.02,-28.08
3.690816,178.02,-28.26
3.705978,178.02,-28.44
3.725043,178.02,-28.44
3.740742,178.02,-28.44
3.752319,178.02,-28.62
3.76725,178.02,-28.8
3.781075,178.02,-28.8
3.79623,178.02,-28.8
3.810761,178.02,-28.8
3.826134,178.02,-28.8
3.84069,178.02,-28.98
3.856484,178.02,-29.34
3.872436,178.02,-29.52
3.885704,178.02,-29.7
3.901439,178.02,-30.06
3.916536,178.02,-30.06
3.931256,178.02,-30.24
3.946212,178.02,-30.42
3.960783,178.02,-30.42
3.976259,178.02,-30.42
3.991305,178.02,-30.6
4.006719,178.02,-30.78
4.020831,178.02,-30.96
4.036022,178.02,-30.96
4.051196,178.02,-30.96
4.065983,178.02,-31.14
4.081058,178.02,-31.32
4.096373,178.02,-31.32
4.11252,178.02,-31.32
4.128198,178.02,-31.32
4.141373,178.02,-31.32
4.155744,178.02,-31.5
4.172831,178.02,-31.68
4.187684,178.02,-31.86
4.200946,178.02,-32.04
4.217681,178.02,-32.22
4.231749,178.02,-32.4
4.248418,178.02,-32.58
4.262279,178.02,-32.76
4.277046,178.02,-32.94
4.291613,178.02,-32.94
4.306975,178.02,-32.94
4.322218,178.02,-32.94
4.336778,178.02,-33.12
4.353315,178.02,-33.3
4.369761,178.02,-33.48
4.385708,178.02,-33.66
4.401092,178.02,-33.84
4.413047,178.02,-33.84
4.426684,178.02,-33.84
4.440998,178.02,-33.84
4.457028,178.02,-34.02
4.473638,178.02,-34.2
4.488248,178.02,-34.38
4.501149,178.02,-34.56
4.516395,178.02,-34.74
4.530749,178.02,-34.92
4.545791,178.02,-35.1
4.563217,178.02,-35.28
4.578079,178.02,-35.28
4.592553,178.02,-35.28
4.606655,178.02,-35.28
4.621566,178.02,-35.46
4.637181,178.02,-35.64
4.651955,178.02,-35.82
4.665694,178.02,-36.0
4.681143,178.02,-36.18
4.697802,178.02,-36.36
4.711632,178.02,-36.36
4.725906,178.02,-36.36
4.742876,178.02,-36.36
4.757197,178.02,-36.36
4.771677,178.02,-36.54
4.786689,178.02,-36.54
4.800742,178.02,-36.72
4.816811,178.02,-36.9
4.831881,178.02,-36.9
4.848533,178.02,-37.08
4.861294,178.02,-37.26
4.875826,178.02,-37.44
4.895593,178.02,-37.8
4.909117,178.02,-37.98
4.922438,178.02,-37.98
4.936304,178.02,-38.16
4.951357,178.02,-38.34
4.965997,178.02,-38.34
4.980658,178.02,-38.52
4.995727,178.02,-38.52
5.011177,178.02,-38.7
5.025808,178.02,-38.88
5.041985,178.02,-38.88
5.058308,178.02,-38.88
5.075444,178.02,-39.06
5.090855,178.02,-39.06
5.106604,178.02,-39.42
5.117337,178.02,-39.6
5.13179,178.02,-39.6
5.146359,178.02,-39.96
5.16356,178.02,-39.96
5.182096,178.02,-40.14
5.197392,178.02,-40.32
5.209405,178.02,-40.32
5.225074,178.02,-40.32
5.235792,178.02,-40.32
5.255343,178.02,-40.5
5.270378,178.02,-40.68
5.285479,178.02,-41.04
5.30148,178.02,-41.04
5.315922,178.02,-41.22
5.332415,178.02,-41.4
5.342841,178.02,-41.4
5.357673,178.02,-41.4
5.37133,178.02,-41.4
5.385851,178.02,-41.4
5.402171,178.02,-41.4
5.416289,178.02,-41.58
5.430896,178.02,-41.76
5.44869,178.02,-41.94
5.462871,178.02,-42.12
5.477285,178.02,-42.3
5.491193,178.02,-42.48
5.507067,178.02,-42.66
5.521647,178.02,-42.84
5.53582,178.02,-43.02
5.550948,178.02,-43.02
5.567438,178.02,-43.02
5.581287,178.02,-43.02
5.597982,178.02,-43.2
5.613061,178.02,-43.38
5.629568,178.02,-43.56
5.645069,178.02,-43.74
5.65806,178.02,-43.92
5.671293,178.02,-43.92
5.686087,178.02,-43.92
5.701815,178.02,-43.92
5.715806,178.02,-44.1
5.731066,178.02,-44.28
5.746595,178.02,-44.46
5.760985,178.02,-44.64
5.779961,178.02,-45.0
5.794969,178.02,-45.18
5.808351,178.02,-45.18
5.823055,178.02,-45.36
5.836502,178.02,-45.36
5.851896,178.02,-45.54
5.866246,178.02,-45.54
5.881614,178.02,-45.54
5.895855,178.02,-45.72
5.910921,178.02,-45.9
5.925876,178.02,-46.08
5.941904,178.02,-46.08
5.956272,178.02,-46.26
5.972043,178.02,-46.44
5.986018,178.02,-46.44
6.001115,178.02,-46.44
6.019594,178.02,-46.44
6.03656,178.02,-46.62
6.049707,178.02,-46.8
6.062271,178.02,-46.8
6.077022,178.02,-46.98
6.092946,178.02,-46.98
6.109328,178.02,-46.98
6.122809,178.02,-47.16
6.137246,178.02,-47.52
6.150861,178.02,-47.7
6.167492,178.02,-48.06
6.182282,178.02,-48.24
6.196965,178.02,-48.24
6.212465,178.02,-48.42
6.226824,178.02,-48.42
6.241539,178.02,-48.42
6.256733,178.02,-48.42
6.270919,178.02,-48.42
6.287326,178.02,-48.6
6.302589,178.02,-48.78
6.320913,178.02,-48.96
6.334449,178.02,-49.14
6.346963,178.02,-49.14
6.362999,178.02,-49.5
6.377529,178.02,-49.68
6.392852,178.02,-49.68
6.409209,178.02,-50.04
6.422992,177.84,-50.04
6.438744,177.84,-50.04
6.454586,177.66,-50.04
6.471132,176.94,-50.4
6.486869,176.4,-50.4
6.50089,175.68,-50.58
6.516851,174.96,-50.58
6.529138,174.06,-50.58
6.542692,173.52,-50.94
6.557112,172.8,-51.12
6.572995,172.08,-51.12
6.591551,171.18,-51.3
6.603659,170.64,-51.48
6.619858,169.92,-51.48
6.63322,169.56,-51.48
6.647209,168.84,-51.48
6.664273,168.12,-51.48
6.679174,167.4,-51.66
6.693941,166.86,-51.84
6.709161,166.14,-52.02
6.723947,165.78,-52.02
6.73914,165.24,-52.02
6.755686,164.34,-52.38
6.76888,163.44,-52.56
6.781864,162.9,-52.74
6.797119,162.36,-52.92
6.810781,161.82,-53.1
6.825764,161.64,-53.1
6.840899,161.1,-53.1
6.855732,160.92,-53.1
6.872203,160.2,-53.28
6.887401,158.76,-53.64
6.902299,157.68,-53.64
6.919556,156.78,-53.82
6.935277,155.88,-54.0
6.95208,154.98,-54.0
6.966356,154.08,-54.0
6.978559,153.9,-54.0
6.993823,153.36,-54.18
7.007863,152.64,-54.36
7.021738,151.92,-54.54
7.036848,151.2,-54.72
7.050903,150.84,-54.9
7.067211,150.48,-55.08
7.083191,149.58,-55.26
7.09766,148.5,-55.26
7.111619,147.96,-55.44
7.126301,147.24,-55.44
7.141916,146.52,-55.62
7.156335,145.62,-55.8
7.17207,144.9,-55.98
7.18618,144.0,-55.98
7.207873,142.74,-56.16
7.220221,142.02,-56.34
7.231889,141.84,-56.34
7.246422,141.3,-56.34
7.26418,140.4,-56.34
7.277269,139.86,-56.34
7.291903,139.5,-56.34
7.306573,139.14,-56.52
7.321836,138.06,-56.7
7.33822,137.16,-56.88
7.354694,136.44,-56.88
7.369053,135.72,-56.88
7.383178,135.0,-56.88
7.396339,134.28,-57.06
7.412169,133.2,-57.6
7.431143,132.3,-57.96
7.447466,131.76,-58.14
7.461569,131.4,-58.32
7.477057,130.68,-58.32
7.49295,129.6,-58.32
7.505925,128.88,-58.32
7.521226,128.16,-58.32
7.537033,127.26,-58.5
7.552262,126.36,-58.68
7.563839,126.0,-58.86
7.580913,125.28,-58.86
7.594162,124.56,-59.04
7.608971,124.02,-59.04
7.624914,123.12,-59.4
7.641028,122.22,-59.58
7.655757,121.5,-59.76
7.671511,121.14,-59.94
7.684651,120.96,-59.94
7.699069,120.24,-60.12
7.715234,118.8,-60.3
7.732077,117.72,-60.3
7.746212,117.36,-60.3
7.761575,116.64,-60.48
7.77524,115.74,-60.66
7.79235,114.84,-60.84
7.806156,114.12,-61.02
7.822036,113.22,-61.02
7.83765,112.5,-61.02
7.851636,112.14,-61.02
7.867712,111.24,-61.38
7.882113,110.34,-61.38
7.89655,109.62,-61.38
7.909241,108.9,-61.38
7.9283,108.36,-61.56
7.943039,107.46,-61.74
7.958035,106.2,-61.92
7.971953,105.48,-61.92
7.98713,104.94,-61.92
8.001192,104.58,-61.92
8.013363,103.86,-61.92
8.027908,102.96,-62.28
8.043237,102.06,-62.64
8.058362,101.16,-63.0
8.07435,100.44,-63.0
8.087728,99.72,-63.0
8.101521,99.0,-63.0
8.121232,97.56,-63.36
8.137658,97.02,-63.54
8.151667,96.66,-63.54
8.165947,95.76,-63.72
8.177813,95.58,-63.9
8.193952,94.86,-63.9
8.208302,93.6,-63.9
8.221416,92.88,-63.9
8.237592,91.98,-63.9
8.252602,91.08,-64.08
8.267964,90.18,-64.44
8.282923,89.46,-64.62
8.299454,88.2,-64.98
8.314103,87.84,-64.98
8.328649,87.12,-65.16
8.345149,86.04,-65.34
8.362878,84.78,-65.34
8.374764,84.06,-65.34
8.38783,83.88,-65.34
8.401515,83.34,-65.34
8.417981,82.62,-65.52
8.432023,82.44,-65.7
8.447619,81.54,-66.06
8.462943,80.1,-66.06
8.482833,79.02,-66.24
8.496453,78.12,-66.42
8.511803,77.04,-66.42
8.523367,76.14,-66.42
8.536988,75.6,-66.42
8.551491,74.88,-66.42
8.566496,73.98,-66.6
8.582792,72.9,-66.78
8.598605,71.82,-66.96
8.613154,71.46,-66.96
8.628474,70.92,-67.14
8.645261,69.84,-67.32
8.658615,69.48,-67.5
8.673173,68.76,-67.68
8.68931,67.32,-68.04
8.701725,66.78,-68.04
8.717374,65.88,-68.04
8.735105,64.8,-68.04
8.749996,63.9,-68.22
8.764522,63.54,-68.4
8.782209,62.64,-68.58
8.796976,62.1,-68.58
8.809482,61.2,-68.76
8.827935,59.94,-68.94
8.83873,59.4,-68.94
8.857999,58.14,-68.94
8.868267,57.42,-68.94
8.883886,57.24,-69.12
8.899218,56.34,-69.48
8.913642,55.8,-69.48
8.929934,55.08,-69.66
8.944399,54.72,-70.02
8.95695,54.36,-70.02
8.973214,54.0,-70.02
8.988464,53.46,-70.2
9.009261,51.84,-70.38
9.018739,51.3,-70.38
9.033749,51.12,-70.38
9.04759,50.4,-70.38
9.066633,48.78,-70.74
9.078966,48.42,-70.92
9.093946,47.88,-71.1
9.109008,47.34,-71.1
9.122118,47.16,-71.1
9.13679,46.44,-71.1
9.15332,46.08,-71.28
9.170561,45.54,-71.46
9.185323,44.82,-71.46
9.196809,44.28,-71.46
9.212117,43.56,-71.64
9.231811,42.3,-71.82
9.24335,41.58,-72.0
9.261026,40.5,-72.0
9.27553,39.6,-72.0
9.290811,38.52,-72.36
9.304096,37.44,-72.54
9.31861,36.72,-72.72
9.333593,35.46,-72.9
9.346809,34.56,-73.08
9.362026,33.66,-73.08
9.376324,32.76,-73.08
9.391453,31.5,-73.08
9.406006,30.42,-73.26
9.422891,29.16,-73.62
9.436639,28.08,-73.62
9.451491,27.18,-73.8
9.46883,25.74,-73.98
9.483252,24.48,-74.16
9.499503,23.4,-74.16
9.512197,22.68,-74.34
9.526395,21.6,-74.52
9.541016,20.52,-74.52
9.556396,19.44,-74.52
9.571745,18.36,-74.7
9.58873,16.74,-75.06
9.602066,15.66,-75.06
9.616592,14.76,-75.24
9.631344,13.5,-75.42
9.647353,11.88,-75.42
9.664332,10.26,-75.42
9.677865,9.36,-75.42
9.692565,8.46,-75.6
9.706966,7.56,-75.78
9.725371,6.12,-76.14
9.739353,5.04,-76.14
9.752331,3.96,-76.14
9.766589,3.06,-76.32
9.781819,2.16,-76.5
9.797311,1.08,-76.5
9.811631,-0.18,-76.5
9.828625,-1.8,-76.5
9.84246,-2.88,-76.5
9.856825,-4.32,-76.68
9.872956,-5.58,-76.86
9.887966,-6.66,-77.04
9.902904,-7.92,-77.04
9.918442,-9.18,-77.22
9.936999,-10.8,-77.58
9.948848,-11.7,-77.58
9.962767,-12.6,-77.76
9.980194,-14.04,-78.12
9.994449,-15.12,-78.12
10.008284,-15.84,-78.12
10.023409,-16.92,-78.12
10.036702,-18.18,-78.12
10.052464,-19.62,-78.3
10.068477,-20.88,-78.48
10.082806,-21.78,-78.66
10.097956,-22.86,-78.66
10.111939,-23.94,-78.84
10.126381,-24.84,-79.02
10.143476,-26.46,-79.2
10.157286,-27.36,-79.38
10.171443,-28.08,-79.56
10.18645,-28.8,-79.56
10.201965,-29.88,-79.74
10.216095,-31.14,-80.1
10.237999,-33.12,-80.1
10.250541,-34.38,-80.28
10.261659,-35.1,-80.28
10.27718,-36.0,-80.46
10.294239,-37.08,-80.46
10.306134,-37.8,-80.46
10.321308,-38.7,-80.46
10.336264,-39.6,-80.46
10.351428,-40.68,-80.64
10.366362,-41.76,-81.0
10.3824,-42.84,-81.18
10.401217,-44.28,-81.36
10.415089,-45.36,-81.54
10.427746,-46.08,-81.54
10.444172,-46.8,-81.54
10.458666,-47.7,-81.54
10.4743,-48.78,-81.54
10.489592,-49.68,-81.72
10.506769,-50.76,-81.9
10.521317,-51.66,-82.08
10.537326,-52.56,-82.08
10.550499,-53.28,-82.08
10.565269,-54.0,-82.44
10.578903,-54.72,-82.62
10.594096,-55.26,-82.98
10.609578,-55.98,-83.16
10.62798,-56.88,-83.16
10.641046,-57.6,-83.16
10.656193,-58.14,-83.16
10.67088,-58.68,-83.34
10.686855,-59.04,-83.52
10.701678,-59.58,-83.7
10.716607,-60.12,-83.88
10.731178,-60.48,-84.06
10.742821,-60.66,-84.06
10.756856,-61.2,-84.06
10.771381,-61.38,-84.06
10.786767,-61.56,-84.24
10.801078,-62.1,-84.42
10.818428,-62.28,-84.78
10.836727,-63.9,-85.14
10.849167,-64.62,-85.14
10.864114,-65.16,-85.14
10.880582,-66.24,-85.14
10.896783,-66.96,-85.14
10.909794,-67.14,-85.5
10.921153,-67.14,-85.68
10.935988,-67.14,-85.68
10.950888,-67.14,-85.86
10.966152,-67.14,-86.04
10.980753,-67.14,-86.04
10.995873,-67.14,-86.22
11.010828,-66.96,-86.22
11.02645,-66.96,-86.22
11.040719,-66.96,-86.22
11.056672,-66.96,-86.58
11.07615,-66.24,-86.58
11.091557,-65.88,-86.76
11.106766,-65.34,-86.94
11.12173,-64.98,-87.12
11.136559,-64.44,-87.12
11.152052,-63.9,-87.12
11.166141,-63.36,-87.12
11.181707,-63.0,-87.12
11.193222,-62.46,-87.3
11.212297,-61.56,-87.66
11.22634,-60.84,-88.02
11.239129,-60.3,-88.2
11.255218,-59.58,-88.2
11.266233,-59.22,-88.2
11.282756,-58.5,-88.38
11.296827,-57.78,-88.56
11.312164,-56.88,-88.56
11.32705,-56.16,-88.56
11.341894,-55.44,-88.56
11.359873,-54.36,-88.74
11.375667,-53.28,-89.1
11.392046,-52.38,-89.1
11.403361,-51.66,-89.1
11.417935,-51.12,-89.1
11.4318,-50.22,-89.28
11.446791,-49.32,-89.64
11.46463,-48.24,-89.82
11.481027,-46.98,-90.18
11.496904,-45.72,-90.18
11.511213,-44.64,-90.18
11.524363,-43.92,-90.18
11.539203,-43.2,-90.18
11.551917,-42.3,-90.54
11.567281,-41.04,-90.72
11.582725,-39.78,-90.9
11.598411,-38.88,-91.08
11.614244,-37.62,-91.08
11.6296,-36.72,-91.08
11.643103,-36.0,-91.08
11.661912,-34.56,-91.26
11.677324,-33.3,-91.26
11.693173,-32.22,-91.44
11.706322,-31.14,-91.62
11.72153,-30.24,-91.62
11.736352,-28.8,-91.8
11.74964,-27.54,-91.98
11.765057,-26.46,-92.16
11.777669,-25.74,-92.16
11.792492,-24.84,-92.16
11.807519,-23.94,-92.16
11.822212,-22.68,-92.34
11.837188,-22.32,-92.7
11.854636,-21.6,-93.06
11.86916,-20.88,-93.24
11.883731,-20.16,-93.24
11.897041,-19.26,-93.24
11.91119,-18.36,-93.24
11.926292,-17.28,-93.24
11.941111,-16.02,-93.24
11.956601,-14.4,-93.6
11.971185,-12.6,-93.78
11.989676,-10.62,-93.96
12.003135,-9.36,-94.14
12.017522,-8.28,-94.14
12.03113,-7.02,-94.14
12.046975,-6.48,-94.14
12.063004,-6.12,-94.32
12.079282,-5.4,-94.68
12.097667,-3.6,-94.86
12.11266,-2.52,-95.22
12.125808,-1.44,-95.22
12.141003,-0.72,-95.22
12.156576,-0.54,-95.22
12.167471,-0.36,-95.22
12.181292,-0.36,-95.22
12.197502,-0.36,-95.58
12.213055,-0.36,-95.76
12.228446,-0.36,-95.94
12.243179,-0.36,-96.12
12.259248,-0.36,-96.12
12.27297,-0.36,-96.12
12.286926,-0.36,-96.12
12.301878,-0.36,-96.3
12.318769,-0.36,-96.3
12.333477,-0.36,-96.48
12.346929,-0.36,-96.66
12.361039,-0.36,-96.84
12.375998,-0.36,-96.84
12.391708,-0.36,-97.02
12.406638,-0.36,-97.2
12.420975,-0.36,-97.2
12.43624,-0.36,-97.2
12.451437,-0.36,-97.2
12.466951,-0.36,-97.38
12.480969,-0.36,-97.56
12.496295,-0.36,-97.74
12.510834,-0.36,-98.1
12.52691,-0.36,-98.28
12.542664,-0.36,-98.46
12.561593,-0.36,-98.64
12.572875,-0.36,-98.64
12.589682,-0.36,-98.64
12.601109,-0.36,-98.64
12.615689,-0.36,-98.64
12.63132,-0.36,-98.64
12.646256,-0.36,-98.82
12.661209,-0.36,-99.0
12.676179,-0.36,-99.36
12.690872,-0.36,-99.54
12.706791,-0.36,-99.72
12.721443,-0.36,-99.9
12.738265,-0.36,-100.08
12.753389,-0.36,-100.26
12.768631,-0.36,-100.26
12.780926,-0.36,-100.26
12.79617,-0.36,-100.44
12.814268,-0.36,-100.62
12.826652,-0.36,-100.62
12.840727,-0.36,-100.62
12.856167,-0.36,-100.8
12.870892,-0.36,-100.98
12.88581,-0.36,-101.16
12.901019,-0.36,-101.34
12.916238,-0.36,-101.34
12.932803,-0.36,-101.52
12.949417,-0.36,-101.7
12.964432,-0.36,-101.7
12.977705,-0.36,-101.7
12.992434,-0.36,-101.7
13.007496,-0.36,-101.7
13.023755,-0.36,-101.7
13.036758,-0.36,-101.88
13.051531,-0.36,-102.06
13.065881,-0.36,-102.24
13.080764,-0.36,-102.42
13.096344,-0.36,-102.78
13.110816,-0.36,-102.78
13.126771,-0.36,-103.14
13.141875,-0.36,-103.32
13.158309,-0.36,-103.32
13.171717,-0.36,-103.32
13.187851,-0.36,-103.32
13.202631,-0.36,-103.5
13.216275,-0.36,-103.68
13.230658,-0.36,-103.86
13.248151,-0.36,-103.86
13.261998,-0.36,-104.04
13.275766,-0.36,-104.22
13.290697,-0.36,-104.22
13.30581,-0.36,-104.4
13.320762,-0.36,-104.58
13.336963,-0.36,-104.76
13.351247,-0.36,-104.94
13.366356,-0.36,-104.94
13.380997,-0.36,-105.3
13.395897,-0.36,-105.3
13.412008,-0.36,-105.48
13.427958,-0.36,-105.66
13.44267,-0.36,-105.66
13.456068,-0.36,-105.66
13.471809,-0.36,-105.66
13.486255,-0.36,-105.84
13.501805,-0.36,-106.02
13.52169,-0.36,-106.38
13.535244,-0.36,-106.38
13.54967,-0.36,-106.38
13.562554,-0.36,-106.56
13.579412,-0.36,-106.74
13.594103,-0.36,-106.74
13.608038,-0.36,-106.74
13.621429,-0.36,-106.74
13.637412,-0.36,-106.74
13.653162,-0.36,-106.92
13.666863,-0.36,-107.1
13.68133,-0.36,-107.28
13.697621,-0.36,-107.46
13.711473,-0.36,-107.64
13.728671,-0.36,-107.82
13.742762,-0.36,-108.0
13.758297,-0.36,-108.18
13.771682,-0.36,-108.36
13.787726,-0.36,-108.36
13.801883,-0.36,-108.36
13.817165,-0.36,-108.36
13.831328,-0.36,-108.54
13.846505,-0.36,-108.72
13.861738,-0.36,-108.72
13.875675,-0.36,-108.72
13.891004,-0.36,-108.9
13.906825,-0.36,-109.08
13.92072,-0.36,-109.26
13.935851,-0.36,-109.44
13.95151,-0.36,-109.44
13.966816,-0.36,-109.62
13.980736,-0.36,-109.8
13.996291,-0.36,-109.98
14.011499,-0.36,-110.16
14.028638,-0.36,-110.34
14.042812,-0.36,-110.34
14.058841,-0.36,-110.34
14.074148,-0.36,-110.52
14.088413,-0.36,-110.7
14.101205,-0.36,-110.7
14.115662,-0.36,-110.7
14.131011,-0.36,-110.88
14.145742,-0.36,-111.06
14.160804,-0.36,-111.24
14.175704,-0.36,-111.42
14.191758,-0.36,-111.42
14.205891,-0.36,-111.6
14.22088,-0.36,-111.78
14.236697,-0.36,-111.78
14.2509,-0.36,-111.78
14.267433,-0.36,-111.78
14.284841,-0.36,-111.96
14.299426,-0.36,-112.14
14.314066,-0.36,-112.32
14.329374,-0.36,-112.32
14.340887,-0.36,-112.32
14.356702,-0.36,-112.32
14.370934,-0.36,-112.68
14.386871,-0.36,-112.86
14.402104,-0.36,-113.04
14.418872,-0.36,-113.4
14.433949,-0.36,-113.4
14.447069,-0.36,-113.58
14.463872,-0.36,-113.76
14.47867,-0.36,-113.76
14.494338,-0.36,-113.76
14.508592,-0.36,-113.76
14.525878,-0.36,-113.76
14.540748,-0.36,-113.94
14.553119,-0.36,-113.94
14.568679,-0.36,-114.3
14.580819,-0.36,-114.48
14.596458,-0.36,-114.66
14.613532,-0.36,-114.84
14.627345,-0.36,-114.84
14.641051,-0.36,-115.02
14.656093,-0.36,-115.2
14.672461,-0.36,-115.38
14.686508,-0.36,-115.56
14.701424,-0.36,-115.74
14.716028,-0.36,-115.74
14.732243,-0.36,-115.74
14.746138,-0.36,-115.74
14.762031,-0.36,-115.74
14.776349,-0.36,-115.92
14.790859,-0.36,-116.28
14.80914,-0.36,-116.46
14.824771,-0.36,-116.46
14.838486,-0.36,-116.64
14.851636,-0.36,-116.82
14.866328,-0.36,-116.82
14.881066,-0.36,-116.82
14.895614,-0.36,-116.82
14.911246,-0.36,-116.82
14.926016,-0.36,-117.0
14.940808,-0.36,-117.18
14.955754,-0.36,-117.36
14.971844,-0.36,-117.36
14.985953,-0.36,-117.36
15.000616,-0.36,-117.54
15.017674,-0.36,-117.72
15.031951,-0.36,-118.08
15.047253,-0.36,-118.26
15.061418,-0.36,-118.44
15.076601,-0.36,-118.62
15.091886,-0.36,-118.8
15.106831,-0.36,-118.8
15.121229,-0.36,-118.8
15.135826,-0.36,-118.8
15.150898,-0.36,-118.8
15.1677,-0.36,-118.8
15.181083,-0.36,-118.98
15.196523,-0.36,-119.16
15.211788,-0.36,-119.34
15.22576,-0.36,-119.52
15.240715,-0.36,-119.88
15.256285,-0.36,-119.88
15.272831,-0.36,-120.06
15.288011,-0.36,-120.42
15.303811,-0.36,-120.42
15.319438,-0.36,-120.6
15.332699,-0.36,-120.78
15.346507,-0.36,-120.78
15.361261,-0.36,-120.78
15.376976,-0.36,-120.78
15.391348,-0.36,-120.96
15.408275,-0.36,-121.14
15.422352,-0.36,-121.32
15.436663,-0.36,-121.5
15.451711,-0.36,-121.5
15.466441,-0.36,-121.5
15.483156,-0.36,-121.5
15.497729,-0.36,-121.5
15.51228,-0.36,-121.86
15.5291,-0.36,-122.04
15.544584,-0.36,-122.04
15.557329,-0.36,-122.22
15.57186,-0.36,-122.4
15.586117,-0.36,-122.4
15.600635,-0.36,-122.4
15.616342,-0.36,-122.4
15.631337,-0.36,-122.4
15.646803,-0.36,-122.58
15.660807,-0.36,-122.94
15.676739,-0.36,-123.12
15.690926,-0.36,-123.48
15.706546,-0.36,-123.48
15.721104,-0.36,-123.66
15.737173,-0.36,-123.84
15.755042,-0.36,-123.84
15.768177,-0.36,-123.84
15.781484,-0.36,-123.84
15.796973,-0.36,-123.84
15.812606,-0.36,-124.02
15.827832,-0.36,-124.38
15.842521,-0.36,-124.56
15.858859,-0.36,-124.74
15.872962,-0.36,-124.92
15.886528,-0.36,-124.92
15.900949,-0.36,-125.1
15.918642,-0.36,-125.46
15.934484,-0.36,-125.46
15.946666,-0.36,-125.46
15.961219,-0.36,-125.46
15.975935,-0.36,-125.64
15.991046,-0.36,-125.82
16.007183,-0.36,-126.0
16.021461,-0.36,-126.18
16.036594,-0.36,-126.36
16.050791,-0.36,-126.36
16.067865,-0.36,-126.36
16.081927,-0.36,-126.36
16.096541,-0.36,-126.54
16.111325,-0.36,-126.54
16.125903,-0.36,-126.54
16.140776,-0.36,-126.9
16.156409,-0.36,-127.08
16.171456,-0.36,-127.08
16.186293,-0.36,-127.26
16.200832,-0.36,-127.44
16.215726,-0.36,-127.44
16.23107,-0.36,-127.44
16.246713,-0.36,-127.44
16.260777,-0.36,-127.44
16.27624,-0.36,-127.62
16.291218,-0.36,-127.98
16.305813,-0.36,-128.16
16.321136,-0.36,-128.52
16.335847,-0.36,-128.7
16.350736,-0.36,-128.7
16.365949,-0.36,-128.88
16.381927,-0.36,-128.88
16.395716,-0.36,-128.88
16.410841,-0.36,-128.88
16.425863,-0.36,-128.88
16.442874,-0.36,-129.06
16.456148,-0.36,-129.42
16.473126,-0.36,-129.6
16.487908,-0.36,-129.6
16.500926,-0.36,-129.78
16.516754,-0.36,-129.96
16.530828,-0.36,-129.96
16.545938,-0.36,-130.14
16.561076,-0.36,-130.32
16.576731,-0.36,-130.5
16.591188,-0.36,-130.68
16.605646,-0.36,-130.68
16.62085,-0.36,-130.86
16.636476,-0.36,-130.86
16.650903,-0.36,-130.86
16.666633,-0.36,-131.04
16.683742,-0.36,-131.22
16.699252,-0.36,-131.4
16.714751,-0.36,-131.58
16.727014,-0.36,-131.58
16.741767,-0.36,-131.58
16.757401,-0.36,-131.76
16.772408,-0.36,-131.94
16.787854,-0.36,-131.94
16.802047,-0.36,-131.94
16.816921,-0.36,-131.94
16.831585,-0.36,-131.94
16.846971,-0.36,-132.12
16.8642,-0.36,-132.48
16.879687,-0.36,-132.48
16.893081,-0.36,-132.66
16.906394,-0.36,-132.84
16.921344,-0.36,-133.02
16.935703,-0.36,-133.38
16.95362,-0.36,-133.56
16.968715,-0.36,-133.56
16.983689,-0.36,-133.56
16.997135,-0.36,-133.56
17.012584,-0.36,-133.74
17.02635,-0.36,-133.92
17.041971,-0.36,-134.1
17.055996,-0.36,-134.1
17.071315,-0.36,-134.28
17.088077,-0.36,-134.46
17.101213,-0.36,-134.46
17.116903,-0.36,-134.46
17.132392,-0.36,-134.46
17.146565,-0.36,-134.64
17.160767,-0.36,-135.0
17.178391,-0.36,-135.18
17.191976,-0.36,-135.36
17.20584,-0.36,-135.54
17.221517,-0.36,-135.72
17.235769,-0.36,-135.9
17.251383,-0.36,-135.9
17.265683,-0.36,-135.9
17.282162,-0.36,-135.9
17.296231,-0.36,-135.9
17.311587,-0.36,-135.9
17.325834,-0.36,-136.08
17.340811,-0.36,-136.26
17.356873,-0.36,-136.62
17.371081,-0.36,-136.8
17.386274,-0.36,-136.98
17.403854,-0.36,-136.98
17.416955,-0.36,-136.98
17.433464,-0.36,-136.98
17.447903,-0.36,-136.98
17.462912,-0.36,-136.98
17.478892,-0.36,-137.34
17.496139,-0.36,-137.52
17.507911,-0.36,-137.52
17.523523,-0.36,-137.52
17.537068,-0.36,-137.7
17.551936,-0.36,-137.88
17.565903,-0.36,-138.24
17.582668,-0.36,-138.6
17.596921,-0.36,-138.6
17.611114,-0.36,-138.78
17.626072,-0.36,-138.78
17.641003,-0.36,-138.96
17.655741,-0.36,-138.96
17.671171,-0.36,-138.96
17.68621,-0.36,-138.96
17.700677,-0.36,-139.14
17.715932,-0.36,-139.32
17.731873,-0.36,-139.5
17.749213,-0.36,-139.68
17.763172,-0.36,-139.86
17.776689,-0.36,-140.04
17.792274,-0.36,-140.04
17.806692,-0.36,-140.22
17.821512,-0.36,-140.4
17.836827,-0.36,-140.58
17.850845,-0.36,-140.76
17.866609,-0.36,-140.76
17.881368,-0.36,-140.94
17.895843,-0.36,-140.94
17.911089,-0.36,-140.94
17.926291,-0.36,-141.12
17.943281,-0.36,-141.3
17.958918,-0.36,-141.66
17.973832,-0.36,-141.66
17.987226,-0.36,-141.84
18.001058,-0.36,-141.84
18.01626,-0.36,-142.02
18.03126,-0.36,-142.02
18.045649,-0.36,-142.02
18.061367,-0.36,-142.02
18.076921,-0.36,-142.2
18.091095,-0.36,-142.2
18.106509,-0.36,-142.56
18.121759,-0.36,-142.56
18.136653,-0.36,-142.74
18.152189,-0.36,-142.92
18.166975,-0.36,-143.1
18.183338,-0.36,-143.28
18.197996,-0.36,-143.46
18.211436,-0.36,-143.46
18.22627,-0.36,-143.46
18.241804,-0.36,-143.64
18.255889,-0.36,-143.64
18.274918,-0.36,-143.64
18.28947,-0.36,-144.0
18.304429,-0.36,-144.18
18.316499,-0.36,-144.36
18.331688,-0.36,-144.54
18.34701,-0.36,-144.54
18.362649,-0.36,-144.54
18.375755,-0.36,-144.54
18.391105,-0.36,-144.72
18.407459,-0.36,-144.9
18.421445,-0.36,-145.08
18.436118,-0.36,-145.26
18.450998,-0.36,-145.44
18.466271,-0.36,-145.62
18.481166,-0.36,-145.8
18.496933,-0.36,-145.98
18.51341,-0.36,-145.98
18.52644,-0.36,-145.98
18.541271,-0.36,-145.98
18.556383,-0.36,-145.98
18.570792,-0.36,-146.16
18.586149,-0.36,-146.34
18.601743,-0.36,-146.7
18.616806,-0.36,-146.7
18.63275,-0.36,-146.88
18.648117,-0.36,-147.06
18.661893,-0.36,-147.06
18.675872,-0.36,-147.06
18.69153,-0.36,-147.06
18.706117,-0.36,-147.06
18.720748,-0.36,-147.06
18.736459,-0.36,-147.24
18.751095,-0.36,-147.42
18.766195,-0.36,-147.6
18.78198,-0.36,-147.78
18.796406,-0.36,-147.96
18.81121,-0.36,-148.14
18.826011,-0.36,-148.32
18.841024,-0.36,-148.5
18.856287,-0.36,-148.68
18.870827,-0.36,-148.68
18.885917,-0.36,-148.68
18.900844,-0.36,-148.86
18.916547,-0.36,-149.04
18.931019,-0.36,-149.22
18.945752,-0.36,-149.22
18.961025,-0.36,-149.22
18.976299,-0.36,-149.4
18.994485,-0.36,-149.58
19.008055,-0.36,-149.76
19.021674,-0.36,-149.76
19.036923,-0.36,-149.94
19.050826,-0.36,-150.12
19.067365,-0.36,-150.3
19.086071,-0.36,-150.66
19.098368,-0.36,-150.66
19.112385,-0.36,-150.66
19.125839,-0.36,-150.66
19.143528,-0.36,-150.84
19.159475,-0.36,-151.02
19.172919,-0.36,-151.02
19.186745,-0.36,-151.02
19.202753,-0.36,-151.02
19.218583,-0.36,-151.2
19.231715,-0.36,-151.38
19.245982,-0.36,-151.74
19.261445,-0.36,-151.74
19.278021,-0.36,-151.92
19.295034,-0.36,-152.1
19.308067,-0.36,-152.1
19.321722,-0.36,-152.1
19.336157,-0.36,-152.1
19.350948,-0.36,-152.1
19.366447,-0.36,-152.28
19.380861,-0.36,-152.46
19.396641,-0.36,-152.64
19.410735,-0.36,-152.82
19.428546,-0.36,-153.0
19.443695,-0.36,-153.18
19.460154,-0.36,-153.36
19.476842,-0.36,-153.54
19.491442,-0.36,-153.54
19.505477,-0.36,-153.72
19.517823,-0.36,-153.72
19.531526,-0.36,-153.72
19.547459,-0.36,-153.72
19.561137,-0.36,-153.9
19.576093,-0.36,-154.08
19.590935,-0.36,-154.26
19.60571,-0.36,-154.44
19.620706,-0.36,-154.62
19.635672,-0.36,-154.62
19.65108,-0.36,-154.8
19.665666,-0.36,-154.8
19.680718,-0.36,-155.16
19.695726,-0.36,-155.16
19.711741,-0.36,-155.34
19.726176,-0.36,-155.7
19.741479,-0.36,-155.7
19.759055,-0.36,-155.7
19.773203,-0.36,-155.7
19.789117,-0.36,-155.88
19.801872,-0.36,-156.06
19.816823,-0.36,-156.24
19.830907,-0.36,-156.24
19.845836,-0.36,-156.24
19.865019,-0.36,-156.42
19.879525,-0.36,-156.78
19.892743,-0.36,-156.78
19.906147,-0.36,-156.78
19.920966,-0.36,-156.96
19.935837,-0.36,-157.14
19.950754,-0.36,-157.14
19.966236,-0.36,-157.14
19.980886,-0.36,-157.14
19.996361,-0.36,-157.14
20.011202,-0.36,-157.32
20.02597,-0.36,-157.68
20.040719,-0.36,-157.68
20.055833,-0.36,-157.86
20.070729,-0.36,-158.04
20.08603,-0.36,-158.22
20.100639,-0.36,-158.58
20.115864,-0.36,-158.76
20.130686,-0.36,-158.76
20.146691,-0.36,-158.76
20.160659,-0.36,-158.94
20.176952,-0.36,-159.12
20.19181,-0.36,-159.12
20.205997,-0.36,-159.3
20.221535,-0.36,-159.3
20.236068,-0.36,-159.3
20.251669,-0.36,-159.48
20.265641,-0.36,-159.66
20.280807,-0.36,-159.84
20.297434,-0.36,-159.84
20.311372,-0.36,-160.2
20.325877,-0.36,-160.2
20.340731,-0.36,-160.38
20.355909,-0.36,-160.74
20.371331,-0.36,-160.74
20.385836,-0.36,-160.92
20.402013,-0.36,-161.1
20.416092,-0.36,-161.1
20.433392,-0.36,-161.1
20.448605,-0.36,-161.1
20.463046,-0.36,-161.1
20.477842,-0.36,-161.1
20.49216,-0.36,-161.28
20.507799,-0.36,-161.64
20.523785,-0.36,-161.82
20.537944,-0.36,-162.0
20.551146,-0.36,-162.18
20.567923,-0.36,-162.18
20.5825,-0.36,-162.18
20.596031,-0.36,-162.18
20.611452,-0.36,-162.18
20.626567,-0.36,-162.36
20.644326,-0.36,-162.36
20.655872,-0.36,-162.72
20.671394,-0.36,-162.9
20.686628,-0.36,-163.08
20.701485,-0.36,-163.26
20.717181,-0.36,-163.26
20.731104,-0.36,-163.62
20.747004,-0.36,-163.8
20.76101,-0.36,-163.8
20.776477,-0.36,-163.8
20.790921,-0.36,-163.8
20.805728,-0.36,-163.8
20.821193,-0.36,-163.98
20.835928,-0.36,-164.16
20.85151,-0.36,-164.34
20.868199,-0.36,-164.52
20.885748,-0.36,-164.7
20.899407,-0.36,-164.7
20.91382,-0.36,-164.7
20.929367,-0.36,-164.7
20.942159,-0.36,-164.7
20.95672,-0.36,-164.88
20.971338,-0.36,-165.06
20.987431,-0.36,-165.42
21.002745,-0.36,-165.78
21.016567,-0.36,-165.78
21.031088,-0.36,-165.96
21.04602,-0.36,-166.14
21.061154,-0.36,-166.14
21.075765,-0.36,-166.14
21.090769,-0.36,-166.14
21.106526,-0.36,-166.14
21.1215,-0.36,-166.32
21.136667,-0.36,-166.68
21.152215,-0.36,-166.86
21.16598,-0.36,-166.86
21.181167,-0.36,-167.04
21.195924,-0.36,-167.22
21.210844,-0.36,-167.22
21.225936,-0.36,-167.22
21.240719,-0.36,-167.22
21.255939,-0.36,-167.22
21.2712,-0.36,-167.4
21.285696,-0.36,-167.76
21.301562,-0.36,-167.76
21.316024,-0.36,-167.76
21.330644,-0.36,-167.94
21.345722,-0.36,-168.3
21.36085,-0.36,-168.48
21.37667,-0.36,-168.66
21.390707,-0.36,-168.84
21.406076,-0.36,-168.84
21.422944,-0.36,-169.02
21.43664,-0.36,-169.2
21.450825,-0.36,-169.2
21.465949,-0.36,-169.2
21.483377,-0.36,-169.38
21.497876,-0.36,-169.38
21.511364,-0.36,-169.56
21.525937,-0.36,-169.74
21.540832,-0.36,-169.74
21.557404,-0.36,-169.92
21.573695,-0.36,-170.1
21.588944,-0.36,-170.28
21.601198,-0.36,-170.28
21.617915,-0.36,-170.46
21.633799,-0.36,-170.64
21.647161,-0.36,-170.82
21.661854,-0.36,-170.82
21.676872,-0.36,-171.0
21.693638,-0.36,-171.18
21.70614,-0.36,-171.18
21.721123,-0.36,-171.36
21.736654,-0.36,-171.36
21.752902,-0.36,-171.54
21.766485,-0.36,-171.72
21.782157,-0.36,-171.9
21.796952,-0.36,-171.9
21.812498,-0.36,-171.9
21.826071,-0.36,-172.08
21.84225,-0.36,-172.26
21.857404,-0.36,-172.26
21.872274,-0.36,-172.26
21.886072,-0.36,-172.44
21.900754,-0.36,-172.62
21.916904,-0.36,-172.8
21.932293,-0.36,-172.8
21.946856,-0.36,-172.8
21.961727,-0.36,-172.8
21.976793,-0.36,-172.8
21.990818,-0.36,-172.8
22.00572,-0.36,-172.8
22.021185,-0.36,-173.16
22.038308,-0.36,-173.7
22.053599,-0.36,-173.88
22.067279,-0.36,-174.06
22.081361,-0.36,-174.24
22.095836,-0.36,-174.24
22.11084,-0.36,-174.24
22.128451,-0.36,-174.42
22.14376,-0.36,-174.6
22.156361,-0.36,-174.78
22.170833,-0.36,-174.78
22.186025,-0.36,-174.78
22.201584,-0.36,-174.96
22.215866,-0.36,-175.14
22.231199,-0.36,-175.32
22.246922,-0.36,-175.5
22.263205,-0.36,-175.86
22.278561,-0.36,-175.86
22.292792,-0.36,-175.86
22.306607,-0.36,-175.86
22.320872,-0.36,-176.04
22.335883,-0.36,-176.4
22.350785,-0.36,-176.4
22.365772,-0.36,-176.58
22.38166,-0.36,-176.76
22.399606,-0.36,-176.76
22.414546,-0.36,-176.76
22.429676,-0.36,-176.76
22.441483,-0.36,-176.76
22.455762,-0.36,-176.94
22.471202,-0.36,-176.94
22.486161,-0.36,-177.12
22.500954,-0.36,-177.3
22.516189,-0.36,-177.48
22.530774,-0.36,-177.66
22.546098,-0.36,-177.66
22.561408,-0.36,-177.84
22.575656,-0.36,-177.84
22.591128,-0.36,-177.84
22.606406,-0.36,-177.84
22.620747,-0.36,-177.84
22.637591,-0.36,-177.84
22.652678,-0.36,-177.84
22.665712,-0.36,-177.84
22.681111,-0.36,-177.84
22.69623,-0.36,-177.84
22.710714,-0.36,-177.84
22.725763,-0.36,-177.84
22.740694,-0.36,-177.84
22.756145,-0.36,-177.84
22.774087,-0.36,-177.84
22.788247,-0.36,-177.84
22.803108,-0.36,-177.84
22.81596,-0.36,-177.84
22.830999,-0.36,-177.84
22.84683,-0.36,-177.84
22.861938,-0.36,-177.84
22.876673,-0.36,-177.84
22.891928,-0.36,-177.84
22.905741,-0.36,-177.84
22.922207,-0.36,-177.84
22.937215,-0.36,-177.84
22.953052,-0.36,-177.84
22.967703,-0.36,-177.84
22.981757,-0.36,-177.84
22.996081,-0.36,-177.84
23.015259,-0.36,-177.84
23.028099,-0.36,-177.84
23.042695,-0.36,-177.84
23.057032,-0.36,-177.84
23.071621,-0.36,-177.84
23.086422,-0.36,-177.84
23.10111,-0.36,-177.84
23.115895,-0.36,-177.84
23.131393,-0.36,-177.84
23.146306,-0.36,-177.84
23.160963,-0.36,-177.84
23.176403,-0.36,-177.84
23.192985,-0.36,-177.84
23.207232,-0.36,-177.84
23.221589,-0.36,-177.84
23.236093,-0.36,-177.84
23.250835,-0.36,-177.84
23.266309,-0.36,-177.84
23.283857,-0.36,-177.84
23.298425,-0.36,-177.84
23.311416,-0.36,-177.84
23.32654,-0.36,-177.84
23.340934,-0.36,-177.84
23.35567,-0.36,-177.84
23.370678,-0.36,-177.84
23.386533,-0.36,-177.84
23.400802,-0.36,-177.84
23.416955,-0.36,-177.84
23.431492,-0.36,-177.84
23.445951,-0.36,-177.84
23.464551,-0.36,-177.84
23.479339,-0.36,-177.84
23.49325,-0.36,-177.84
23.506716,-0.36,-177.84
23.524934,-0.36,-177.84
23.539186,-0.36,-177.84
23.554825,-0.36,-177.84
23.566559,-0.36,-177.84
23.580798,-0.36,-177.84
23.597613,-0.36,-177.84
23.611509,-0.36,-177.84
23.62703,-0.36,-177.84
23.642401,-0.36,-177.84
23.655704,-0.36,-177.84
23.670819,-0.36,-177.84
23.685704,-0.36,-177.84
23.701786,-0.36,-177.84
23.715907,-0.36,-177.84
23.730849,-0.36,-177.84
23.746339,-0.36,-177.84
23.762262,-0.36,-177.84
23.778009,-0.36,-177.84
23.79245,-0.36,-177.84
23.808299,-0.36,-177.84
23.821694,-0.36,-177.84
23.835983,-0.36,-177.84
23.852882,-0.36,-177.84
23.866223,-0.36,-177.84
23.882847,-0.36,-177.84
23.897228,-0.36,-177.84
23.910921,-0.36,-177.84
23.926363,-0.36,-177.84
23.941692,-0.36,-177.84
23.95579,-0.36,-177.84
23.970874,-0.36,-177.84
23.986934,-0.36,-177.84
24.000858,-0.36,-177.84
24.015734,-0.36,-177.84
24.031087,-0.36,-177.84
24.046759,-0.36,-177.84
24.06185,-0.36,-177.84
24.075887,-0.36,-177.84
24.091474,-0.36,-177.84
24.108916,-0.36,-177.84
24.12422,-0.36,-177.84
24.136563,-0.36,-177.84
24.151615,-0.36,-177.84
24.166338,-0.36,-177.84
24.181705,-0.36,-177.84
24.196568,-0.36,-177.84
24.211061,-0.36,-177.84
24.226956,-0.36,-177.84
24.241449,-0.36,-177.84
24.255719,-0.36,-177.84
24.271144,-0.36,-177.84
24.286793,-0.36,-177.84
24.302956,-0.36,-177.84
24.318462,-0.36,-177.84
24.332816,-0.36,-177.84
24.34786,-0.36,-177.84
24.36188,-0.36,-177.84
24.377355,-0.36,-177.84
24.394235,-0.36,-177.84
24.407801,-0.36,-177.84
24.421347,-0.36,-177.84
24.436146,-0.36,-177.84
24.4507,-0.36,-177.84
24.466137,-0.36,-177.84
24.480937,-0.36,-177.84
24.496981,-0.36,-177.84
24.514822,-0.36,-177.84
24.531229,-0.36,-177.84
24.544502,-0.36,-177.84
24.559812,-0.36,-177.84
24.571296,-0.36,-177.84
24.585981,-0.36,-177.84
24.600708,-0.36,-177.84
24.615911,-0.36,-177.84
24.633121,-0.36,-177.84
24.647082,-0.36,-177.84
24.660667,-0.36,-177.84
24.675936,-0.36,-177.84
24.691068,-0.36,-177.84
24.705645,-0.36,-177.84
24.721226,-0.36,-177.84
24.736317,-0.36,-177.84
24.751493,-0.36,-177.84
24.765842,-0.36,-177.84
24.781303,-0.36,-177.84
24.796051,-0.36,-177.84
24.81144,-0.36,-177.84
24.82587,-0.36,-177.84
24.840748,-0.36,-177.84
24.855914,-0.36,-177.84
24.871059,-0.36,-177.84
24.886285,-0.36,-177.84
24.901071,-0.36,-177.84
24.916195,-0.36,-177.84
24.93255,-0.36,-177.84
24.947543,-0.36,-177.84
24.961179,-0.36,-177.84
24.976397,-0.36,-177.84
24.991097,-0.36,-177.84
25.005862,-0.36,-177.84
25.023225,-0.36,-177.84
25.036662,-0.36,-177.84
25.051395,-0.36,-177.84
25.066482,-0.36,-177.84
25.081911,-0.36,-177.84
25.096291,-0.36,-177.84
25.113265,-0.36,-177.84
25.129327,-0.36,-177.84
25.143635,-0.36,-177.84
25.156291,-0.36,-177.84
25.172177,-0.36,-177.84
25.187228,-0.36,-177.84
25.201491,-0.36,-177.84
25.216628,-0.36,-177.84
25.231207,-0.36,-177.84
25.246009,-0.36,-177.84
25.262007,-0.36,-177.84
25.277288,-0.36,-177.84
25.291659,-0.36,-177.84
25.305748,-0.36,-177.84
25.32166,-0.36,-177.84
25.337086,-0.36,-177.84
25.35128,-0.36,-177.84
25.367634,-0.36,-177.84
25.383314,-0.36,-177.84
25.397126,-0.36,-177.84
25.412598,-0.36,-177.84
25.428889,-0.36,-177.84
25.443167,-0.36,-177.84
25.456974,-0.36,-177.84
25.470858,-0.36,-177.84
25.48597,-0.36,-177.84
25.501365,-0.36,-177.84
25.515663,-0.36,-177.84
25.53075,-0.36,-177.84
25.546545,-0.36,-177.84
25.560652,-0.36,-177.84
25.577103,-0.36,-177.84
25.591074,-0.36,-177.84
25.606008,-0.36,-177.84
25.621402,-0.36,-177.84
25.635854,-0.36,-177.84
25.650742,-0.36,-177.84
25.667673,-0.36,-177.84
25.684714,-0.36,-177.84
25.698569,-0.36,-177.84
25.713664,-0.36,-177.84
25.726225,-0.36,-177.84
25.74153,-0.36,-177.84
25.756803,-0.36,-177.84
25.770811,-0.36,-177.84
25.786089,-0.36,-177.84
25.801214,-0.36,-177.84
25.816358,-0.36,-177.84
25.831287,-0.36,-177.84
25.846579,-0.36,-177.84
25.860823,-0.36,-177.84
25.876337,-0.36,-177.84
25.890847,-0.36,-177.84
25.906519,-0.36,-177.84
25.920735,-0.36,-177.84
25.935742,-0.36,-177.84
25.950965,-0.36,-177.84
25.965819,-0.36,-177.84
25.981021,-0.36,-177.84
25.996079,-0.36,-177.84
26.012515,-0.36,-177.84
26.026284,-0.36,-177.84
26.041273,-0.36,-177.84
26.05599,-0.36,-177.84
26.075153,-0.36,-177.84
26.087744,-0.36,-177.84
26.101569,-0.36,-177.84
26.116293,-0.36,-177.84
26.130917,-0.36,-177.84
26.145827,-0.36,-177.84
26.162289,-0.36,-177.84
26.176023,-0.36,-177.84
