0	,	0	,	0	,	0	,	0	,
0.015	,	-0.43196	,	0.63095	,	-2.09869	,	6.257396	,
0.03	,	-0.86467	,	1.26344	,	-4.18768	,	12.4855	,
0.045	,	-1.29811	,	1.897456	,	-6.26699	,	18.68327	,
0.06	,	-1.73227	,	2.532983	,	-8.3366	,	24.84966	,
0.075	,	-2.16714	,	3.170008	,	-10.3965	,	30.98361	,
0.09	,	-2.60272	,	3.808516	,	-12.4468	,	37.08409	,
0.105	,	-3.03899	,	4.448494	,	-14.4873	,	43.15004	,
0.12	,	-3.47594	,	5.089927	,	-16.5182	,	49.18042	,
0.135	,	-3.91357	,	5.732801	,	-18.5393	,	55.17417	,
0.15	,	-4.35185	,	6.377102	,	-20.5508	,	61.13026	,
0.165	,	-4.79078	,	7.022816	,	-22.5526	,	67.04764	,
0.18	,	-5.23036	,	7.669929	,	-24.5447	,	72.92525	,
0.195	,	-5.67056	,	8.318427	,	-26.5271	,	78.76205	,
0.21	,	-6.11139	,	8.968296	,	-28.4998	,	84.55699	,
0.225	,	-6.55282	,	9.619521	,	-30.4628	,	90.30903	,
0.24	,	-6.99485	,	10.27209	,	-32.4162	,	96.01712	,
0.255	,	-7.43747	,	10.92598	,	-34.3599	,	101.6802	,
0.27	,	-7.88067	,	11.58119	,	-36.2938	,	107.2973	,
0.285	,	-8.32444	,	12.23771	,	-38.2181	,	112.8672	,
0.3	,	-8.76876	,	12.8955	,	-40.1327	,	118.389	,
0.315	,	-9.21363	,	13.55457	,	-42.0377	,	123.8616	,
0.33	,	-9.65904	,	14.2149	,	-43.9329	,	129.284	,
0.345	,	-10.105	,	14.87647	,	-45.8184	,	134.6551	,
0.36	,	-10.5514	,	15.53927	,	-47.6943	,	139.9739	,
0.375	,	-10.9984	,	16.20328	,	-49.5605	,	145.2393	,
0.39	,	-11.4458	,	16.8685	,	-51.417	,	150.4503	,
0.405	,	-11.8938	,	17.5349	,	-53.2638	,	155.6058	,
0.42	,	-12.3422	,	18.20248	,	-55.101	,	160.7047	,
0.435	,	-12.791	,	18.87122	,	-56.9285	,	165.7462	,
0.45	,	-13.2404	,	19.5411	,	-58.7462	,	170.729	,
0.465	,	-13.6901	,	20.21212	,	-60.5543	,	175.6521	,
0.48	,	-14.1403	,	20.88425	,	-62.3528	,	180.5145	,
0.495	,	-14.5909	,	21.55748	,	-64.1415	,	185.3152	,
0.51	,	-15.042	,	22.2318	,	-65.9206	,	190.0531	,
0.525	,	-15.4934	,	22.9072	,	-67.69	,	194.7271	,
0.54	,	-15.9452	,	23.58365	,	-69.4497	,	199.3362	,
0.555	,	-16.3975	,	24.26116	,	-71.1997	,	203.8794	,
0.57	,	-16.85	,	24.93969	,	-72.9401	,	208.3556	,
0.585	,	-17.303	,	25.61925	,	-74.6707	,	212.7637	,
0.6	,	-17.7563	,	26.29981	,	-76.3917	,	217.1028	,
0.615	,	-18.2099	,	26.98135	,	-78.1031	,	221.3717	,
0.63	,	-18.6638	,	27.66388	,	-79.8047	,	225.5695	,
0.645	,	-19.1181	,	28.34736	,	-81.4967	,	229.695	,
0.66	,	-19.5727	,	29.0318	,	-83.179	,	233.7472	,
0.675	,	-20.0276	,	29.71716	,	-84.8516	,	237.7252	,
0.69	,	-20.4827	,	30.40345	,	-86.5146	,	241.6277	,
0.705	,	-20.9382	,	31.09064	,	-88.1678	,	245.4538	,
0.72	,	-21.3939	,	31.77873	,	-89.8114	,	249.2025	,
0.735	,	-21.8499	,	32.46769	,	-91.4454	,	252.8727	,
0.75	,	-22.3061	,	33.15751	,	-93.0696	,	256.4632	,
0.765	,	-22.7625	,	33.84819	,	-94.6842	,	259.9732	,
0.78	,	-23.2192	,	34.5397	,	-96.2891	,	263.4016	,
0.795	,	-23.6761	,	35.23203	,	-97.8844	,	266.7472	,
0.81	,	-24.1332	,	35.92516	,	-99.47	,	270.0091	,
0.825	,	-24.5905	,	36.61909	,	-101.046	,	273.1862	,
0.84	,	-25.0479	,	37.3138	,	-102.612	,	276.2774	,
0.855	,	-25.5056	,	38.00927	,	-104.169	,	279.2818	,
0.87	,	-25.9634	,	38.70549	,	-105.716	,	282.1982	,
0.885	,	-26.4214	,	39.40245	,	-107.253	,	285.0256	,
0.9	,	-26.8795	,	40.10013	,	-108.78	,	287.763	,
0.915	,	-27.3377	,	40.79852	,	-110.298	,	290.4093	,
0.93	,	-27.796	,	41.4976	,	-111.806	,	292.9635	,
0.945	,	-28.2545	,	42.19737	,	-113.305	,	295.4245	,
0.96	,	-28.7131	,	42.8978	,	-114.794	,	297.7913	,
0.975	,	-29.1717	,	43.59888	,	-116.273	,	300.0628	,
0.99	,	-29.6305	,	44.30059	,	-117.743	,	302.238	,
1.005	,	-30.0893	,	45.00294	,	-119.203	,	304.3159	,
1.02	,	-30.5481	,	45.70589	,	-120.653	,	306.2953	,
1.035	,	-31.0071	,	46.40943	,	-122.093	,	308.1753	,
1.05	,	-31.466	,	47.11356	,	-123.524	,	309.9547	,
1.065	,	-31.925	,	47.81826	,	-124.946	,	311.6326	,
1.08	,	-32.384	,	48.5235	,	-126.357	,	313.208	,
1.095	,	-32.843	,	49.22929	,	-127.759	,	314.6796	,
1.11	,	-33.302	,	49.9356	,	-129.151	,	316.0466	,
1.125	,	-33.761	,	50.64242	,	-130.534	,	317.3078	,
1.14	,	-34.2199	,	51.34974	,	-131.907	,	318.4623	,
1.155	,	-34.6789	,	52.05755	,	-133.27	,	319.5089	,
1.17	,	-35.1378	,	52.76582	,	-134.624	,	320.4466	,
1.185	,	-35.5966	,	53.47454	,	-135.968	,	321.2744	,
1.2	,	-36.0553	,	54.1837	,	-137.302	,	321.9912	,
1.215	,	-36.514	,	54.8933	,	-138.627	,	322.596	,
1.23	,	-36.9726	,	55.6033	,	-139.941	,	323.0877	,
1.245	,	-37.4311	,	56.3137	,	-141.247	,	323.4653	,
1.26	,	-37.8895	,	57.02448	,	-142.542	,	323.7277	,
1.275	,	-38.3478	,	57.73564	,	-143.828	,	323.8739	,
1.29	,	-38.806	,	58.44715	,	-145.105	,	323.9028	,
1.305	,	-39.264	,	59.159	,	-146.371	,	323.8135	,
1.32	,	-39.7219	,	59.87118	,	-147.628	,	323.6048	,
1.335	,	-40.1796	,	60.58367	,	-148.876	,	323.2756	,
1.35	,	-40.6371	,	61.29646	,	-150.114	,	322.825	,
1.365	,	-41.0945	,	62.00954	,	-151.342	,	322.252	,
1.38	,	-41.5516	,	62.72289	,	-152.56	,	321.5553	,
1.395	,	-42.0086	,	63.4365	,	-153.769	,	320.7341	,
1.41	,	-42.4654	,	64.15034	,	-154.968	,	319.7873	,
1.425	,	-42.9219	,	64.86442	,	-156.157	,	318.7137	,
1.44	,	-43.3782	,	65.57871	,	-157.337	,	317.5124	,
1.455	,	-43.8343	,	66.2932	,	-158.507	,	316.1824	,
1.47	,	-44.2901	,	67.00788	,	-159.668	,	314.7225	,
1.485	,	-44.7456	,	67.72273	,	-160.818	,	313.1317	,
1.5	,	-45.2009	,	68.43774	,	-161.96	,	311.409	,
1.515	,	-45.6569	,	69.15421	,	-163.094	,	309.5788	,
1.53	,	-46.1147	,	69.87341	,	-164.223	,	307.6671	,
1.545	,	-46.5741	,	70.5953	,	-165.347	,	305.6756	,
1.56	,	-47.0353	,	71.31986	,	-166.465	,	303.606	,
1.575	,	-47.4981	,	72.04705	,	-167.579	,	301.4599	,
1.59	,	-47.9626	,	72.77682	,	-168.686	,	299.239	,
1.605	,	-48.4286	,	73.50914	,	-169.788	,	296.9449	,
1.62	,	-48.8962	,	74.24398	,	-170.885	,	294.5792	,
1.635	,	-49.3653	,	74.9813	,	-171.975	,	292.1436	,
1.65	,	-49.8359	,	75.72107	,	-173.059	,	289.6398	,
1.665	,	-50.308	,	76.46324	,	-174.137	,	287.0693	,
1.68	,	-50.7815	,	77.20777	,	-175.209	,	284.4339	,
1.695	,	-51.2564	,	77.95465	,	-176.274	,	281.7352	,
1.71	,	-51.7328	,	78.70381	,	-177.332	,	278.9747	,
1.725	,	-52.2104	,	79.45524	,	-178.384	,	276.1542	,
1.74	,	-52.6894	,	80.20889	,	-179.428	,	273.2754	,
1.755	,	-53.1696	,	80.96473	,	-180.466	,	270.3397	,
1.77	,	-53.6512	,	81.72272	,	-181.496	,	267.349	,
1.785	,	-54.1339	,	82.48283	,	-182.518	,	264.3048	,
1.8	,	-54.6178	,	83.24501	,	-183.534	,	261.2088	,
1.815	,	-55.1029	,	84.00923	,	-184.541	,	258.0626	,
1.83	,	-55.5891	,	84.77545	,	-185.54	,	254.8679	,
1.845	,	-56.0765	,	85.54365	,	-186.532	,	251.6263	,
1.86	,	-56.5649	,	86.31377	,	-187.515	,	248.3395	,
1.875	,	-57.0543	,	87.08579	,	-188.49	,	245.0091	,
1.89	,	-57.5448	,	87.85967	,	-189.456	,	241.6367	,
1.905	,	-58.0362	,	88.63537	,	-190.414	,	238.224	,
1.92	,	-58.5286	,	89.41286	,	-191.363	,	234.7727	,
1.935	,	-59.0219	,	90.19209	,	-192.304	,	231.2843	,
1.95	,	-59.516	,	90.97304	,	-193.235	,	227.7606	,
1.965	,	-60.0111	,	91.75566	,	-194.157	,	224.2032	,
1.98	,	-60.5069	,	92.53992	,	-195.069	,	220.6137	,
1.995	,	-61.0036	,	93.32579	,	-195.972	,	216.9937	,
2.01	,	-61.501	,	94.11322	,	-196.866	,	213.345	,
2.025	,	-61.9992	,	94.90218	,	-197.75	,	209.6691	,
2.04	,	-62.498	,	95.69263	,	-198.623	,	205.9677	,
2.055	,	-62.9976	,	96.48454	,	-199.487	,	202.2425	,
2.07	,	-63.4977	,	97.27787	,	-200.34	,	198.495	,
2.085	,	-63.9985	,	98.07258	,	-201.183	,	194.727	,
2.1	,	-64.4999	,	98.86864	,	-202.016	,	190.94	,
2.115	,	-65.0018	,	99.66601	,	-202.838	,	187.1358	,
2.13	,	-65.5042	,	100.4647	,	-203.649	,	183.316	,
2.145	,	-66.0072	,	101.2645	,	-204.449	,	179.4821	,
2.16	,	-66.5105	,	102.0656	,	-205.238	,	175.6359	,
2.175	,	-67.0144	,	102.8679	,	-206.015	,	171.779	,
2.19	,	-67.5186	,	103.6712	,	-206.782	,	167.9131	,
2.205	,	-68.0231	,	104.4757	,	-207.536	,	164.0398	,
2.22	,	-68.5281	,	105.2812	,	-208.279	,	160.1606	,
2.235	,	-69.0333	,	106.0878	,	-209.01	,	156.2774	,
2.25	,	-69.5388	,	106.8953	,	-209.729	,	152.3917	,
2.265	,	-70.0445	,	107.7038	,	-210.436	,	148.5052	,
2.28	,	-70.5504	,	108.5131	,	-211.131	,	144.6194	,
2.295	,	-71.0566	,	109.3234	,	-211.813	,	140.7362	,
2.31	,	-71.5628	,	110.1345	,	-212.483	,	136.857	,
2.325	,	-72.0693	,	110.9463	,	-213.14	,	132.9836	,
2.34	,	-72.5757	,	111.759	,	-213.784	,	129.1176	,
2.355	,	-73.0823	,	112.5724	,	-214.415	,	125.2606	,
2.37	,	-73.5889	,	113.3864	,	-215.033	,	121.4143	,
2.385	,	-74.0955	,	114.2011	,	-215.637	,	117.5803	,
2.4	,	-74.602	,	115.0165	,	-216.228	,	113.7603	,
2.415	,	-75.1085	,	115.8324	,	-216.806	,	109.9559	,
2.43	,	-75.6149	,	116.6488	,	-217.369	,	106.1688	,
2.445	,	-76.1212	,	117.4658	,	-217.919	,	102.4006	,
2.46	,	-76.6273	,	118.2832	,	-218.455	,	98.65288	,
2.475	,	-77.1332	,	119.1011	,	-218.976	,	94.9274	,
2.49	,	-77.6389	,	119.9193	,	-219.483	,	91.22576	,
2.505	,	-78.1444	,	120.738	,	-219.976	,	87.54961	,
2.52	,	-78.6496	,	121.5569	,	-220.454	,	83.90059	,
2.535	,	-79.1545	,	122.3761	,	-220.917	,	80.28033	,
2.55	,	-79.659	,	123.1956	,	-221.365	,	76.6905	,
2.565	,	-80.1632	,	124.0153	,	-221.798	,	73.13273	,
2.58	,	-80.667	,	124.8352	,	-222.216	,	69.60867	,
2.595	,	-81.1704	,	125.6552	,	-222.619	,	66.11996	,
2.61	,	-81.6732	,	126.4754	,	-223.006	,	62.66825	,
2.625	,	-82.1756	,	127.2956	,	-223.377	,	59.25518	,
2.64	,	-82.6775	,	128.1158	,	-223.732	,	55.8824	,
2.655	,	-83.1788	,	128.936	,	-224.072	,	52.55154	,
2.67	,	-83.6796	,	129.7562	,	-224.395	,	49.26427	,
2.685	,	-84.1797	,	130.5763	,	-224.702	,	46.02221	,
2.7	,	-84.6792	,	131.3963	,	-224.993	,	42.82702	,
2.715	,	-85.178	,	132.2161	,	-225.267	,	39.68034	,
2.73	,	-85.6761	,	133.0358	,	-225.525	,	36.58381	,
2.745	,	-86.1735	,	133.8552	,	-225.765	,	33.53909	,
2.76	,	-86.6701	,	134.6744	,	-225.989	,	30.5478	,
2.775	,	-87.1659	,	135.4932	,	-226.195	,	27.61161	,
2.79	,	-87.6608	,	136.3118	,	-226.384	,	24.73215	,
2.805	,	-88.155	,	137.1299	,	-226.556	,	21.91106	,
2.82	,	-88.6482	,	137.9477	,	-226.71	,	19.15	,
2.835	,	-89.1405	,	138.765	,	-226.846	,	16.45061	,
2.85	,	-89.6318	,	139.5819	,	-226.964	,	13.81453	,
2.865	,	-90.1222	,	140.3982	,	-227.065	,	11.24341	,
2.88	,	-90.6116	,	141.214	,	-227.147	,	8.738885	,
2.895	,	-91.0999	,	142.0292	,	-227.211	,	6.302609	,
2.91	,	-91.5871	,	142.8437	,	-227.256	,	3.936224	,
2.925	,	-92.0733	,	143.6576	,	-227.283	,	1.641375	,
2.94	,	-92.5583	,	144.4708	,	-227.291	,	-0.58029	,
2.955	,	-93.0421	,	145.2833	,	-227.28	,	-2.72714	,
2.97	,	-93.5248	,	146.095	,	-227.25	,	-4.79751	,
2.985	,	-94.0062	,	146.9059	,	-227.2	,	-6.78977	,
3	,	-94.4864	,	147.7159	,	-227.132	,	-8.70228	,
3.015	,	-94.96	,	148.533	,	-227.046	,	-10.5747	,
3.03	,	-95.4219	,	149.3647	,	-226.946	,	-12.4477	,
3.045	,	-95.8721	,	150.2109	,	-226.833	,	-14.3208	,
3.06	,	-96.3108	,	151.0712	,	-226.706	,	-16.1938	,
3.075	,	-96.7379	,	151.9453	,	-226.566	,	-18.0664	,
3.09	,	-97.1535	,	152.833	,	-226.412	,	-19.9381	,
3.105	,	-97.5577	,	153.7339	,	-226.246	,	-21.8089	,
3.12	,	-97.9506	,	154.6477	,	-226.068	,	-23.6782	,
3.135	,	-98.3322	,	155.5742	,	-225.877	,	-25.5457	,
3.15	,	-98.7027	,	156.513	,	-225.675	,	-27.4113	,
3.165	,	-99.062	,	157.4639	,	-225.461	,	-29.2745	,
3.18	,	-99.4102	,	158.4265	,	-225.236	,	-31.135	,
3.195	,	-99.7474	,	159.4005	,	-225	,	-32.9925	,
3.21	,	-100.074	,	160.3858	,	-224.753	,	-34.8467	,
3.225	,	-100.389	,	161.3819	,	-224.496	,	-36.6973	,
3.24	,	-100.694	,	162.3885	,	-224.229	,	-38.5439	,
3.255	,	-100.987	,	163.4055	,	-223.951	,	-40.3862	,
3.27	,	-101.271	,	164.4324	,	-223.665	,	-42.224	,
3.285	,	-101.543	,	165.469	,	-223.369	,	-44.0568	,
3.3	,	-101.805	,	166.515	,	-223.064	,	-45.8844	,
3.315	,	-102.057	,	167.5701	,	-222.751	,	-47.7065	,
3.33	,	-102.298	,	168.634	,	-222.429	,	-49.5227	,
3.345	,	-102.529	,	169.7064	,	-222.099	,	-51.3327	,
3.36	,	-102.749	,	170.787	,	-221.761	,	-53.1362	,
3.375	,	-102.96	,	171.8755	,	-221.416	,	-54.9329	,
3.39	,	-103.16	,	172.9716	,	-221.064	,	-56.7225	,
3.405	,	-103.35	,	174.075	,	-220.705	,	-58.5046	,
3.42	,	-103.53	,	175.1855	,	-220.339	,	-60.2789	,
3.435	,	-103.7	,	176.3027	,	-219.966	,	-62.0451	,
3.45	,	-103.86	,	177.4263	,	-219.588	,	-63.8029	,
3.465	,	-104.011	,	178.556	,	-219.204	,	-65.552	,
3.48	,	-104.152	,	179.6916	,	-218.814	,	-67.292	,
3.495	,	-104.283	,	180.8328	,	-218.419	,	-69.0227	,
3.51	,	-104.404	,	181.9791	,	-218.02	,	-70.7437	,
3.525	,	-104.516	,	183.1305	,	-217.615	,	-72.4546	,
3.54	,	-104.618	,	184.2865	,	-217.207	,	-74.1553	,
3.555	,	-104.711	,	185.4468	,	-216.794	,	-75.8453	,
3.57	,	-104.795	,	186.6112	,	-216.377	,	-77.5243	,
3.585	,	-104.869	,	187.7794	,	-215.957	,	-79.192	,
3.6	,	-104.935	,	188.9511	,	-215.534	,	-80.8482	,
3.615	,	-104.991	,	190.1259	,	-215.108	,	-82.4924	,
3.63	,	-105.037	,	191.3036	,	-214.68	,	-84.1244	,
3.645	,	-105.075	,	192.4839	,	-214.249	,	-85.7438	,
3.66	,	-105.104	,	193.6665	,	-213.816	,	-87.3504	,
3.675	,	-105.124	,	194.8511	,	-213.381	,	-88.9437	,
3.69	,	-105.136	,	196.0374	,	-212.945	,	-90.5236	,
3.705	,	-105.138	,	197.2251	,	-212.508	,	-92.0896	,
3.72	,	-105.132	,	198.4139	,	-212.07	,	-93.6415	,
3.735	,	-105.117	,	199.6035	,	-211.631	,	-95.1788	,
3.75	,	-105.094	,	200.7936	,	-211.192	,	-96.7014	,
3.765	,	-105.062	,	201.984	,	-210.753	,	-98.2089	,
3.78	,	-105.022	,	203.1743	,	-210.314	,	-99.701	,
3.795	,	-104.973	,	204.3642	,	-209.876	,	-101.177	,
3.81	,	-104.916	,	205.5534	,	-209.439	,	-102.638	,
3.825	,	-104.851	,	206.7417	,	-209.002	,	-104.082	,
3.84	,	-104.778	,	207.9287	,	-208.568	,	-105.509	,
3.855	,	-104.696	,	209.1142	,	-208.135	,	-106.919	,
3.87	,	-104.607	,	210.2978	,	-207.704	,	-108.312	,
3.885	,	-104.51	,	211.4793	,	-207.275	,	-109.687	,
3.9	,	-104.404	,	212.6583	,	-206.849	,	-111.044	,
3.915	,	-104.291	,	213.8346	,	-206.426	,	-112.383	,
3.93	,	-104.17	,	215.0079	,	-206.006	,	-113.703	,
3.945	,	-104.042	,	216.1778	,	-205.589	,	-115.005	,
3.96	,	-103.906	,	217.3441	,	-205.176	,	-116.287	,
3.975	,	-103.762	,	218.5065	,	-204.767	,	-117.549	,
3.99	,	-103.611	,	219.6647	,	-204.363	,	-118.792	,
4.005	,	-103.452	,	220.8184	,	-203.963	,	-120.014	,
4.02	,	-103.286	,	221.9672	,	-203.568	,	-121.216	,
4.035	,	-103.113	,	223.111	,	-203.178	,	-122.397	,
4.05	,	-102.933	,	224.2494	,	-202.794	,	-123.557	,
4.065	,	-102.745	,	225.382	,	-202.415	,	-124.696	,
4.08	,	-102.55	,	226.5087	,	-202.043	,	-125.812	,
4.095	,	-102.348	,	227.6291	,	-201.676	,	-126.907	,
4.11	,	-102.14	,	228.7429	,	-201.317	,	-127.979	,
4.125	,	-101.924	,	229.8499	,	-200.964	,	-129.028	,
4.14	,	-101.702	,	230.9497	,	-200.619	,	-130.055	,
4.155	,	-101.472	,	232.042	,	-200.281	,	-131.057	,
4.17	,	-101.236	,	233.1265	,	-199.951	,	-132.037	,
4.185	,	-100.994	,	234.203	,	-199.629	,	-132.992	,
4.2	,	-100.745	,	235.2711	,	-199.315	,	-133.922	,
4.215	,	-100.489	,	236.3306	,	-199.01	,	-134.829	,
4.23	,	-100.227	,	237.3811	,	-198.714	,	-135.71	,
4.245	,	-99.9588	,	238.4224	,	-198.427	,	-136.566	,
4.26	,	-99.6841	,	239.4541	,	-198.149	,	-137.396	,
4.275	,	-99.4032	,	240.4761	,	-197.882	,	-138.2	,
4.29	,	-99.1161	,	241.4879	,	-197.624	,	-138.978	,
4.305	,	-98.8229	,	242.4892	,	-197.377	,	-139.729	,
4.32	,	-98.5236	,	243.4799	,	-197.14	,	-140.454	,
4.335	,	-98.2184	,	244.4595	,	-196.915	,	-141.151	,
4.35	,	-97.9073	,	245.4278	,	-196.701	,	-141.821	,
4.365	,	-97.5904	,	246.3845	,	-196.498	,	-142.463	,
4.38	,	-97.2677	,	247.3293	,	-196.307	,	-143.077	,
4.395	,	-96.9393	,	248.2619	,	-196.128	,	-143.662	,
4.41	,	-96.6053	,	249.182	,	-195.962	,	-144.218	,
4.425	,	-96.2656	,	250.0893	,	-195.808	,	-144.746	,
4.44	,	-95.9205	,	250.9836	,	-195.667	,	-145.243	,
4.455	,	-95.57	,	251.8644	,	-195.539	,	-145.711	,
4.47	,	-95.2141	,	252.7316	,	-195.425	,	-146.149	,
4.485	,	-94.8528	,	253.5848	,	-195.325	,	-146.557	,
4.5	,	-94.4864	,	254.4237	,	-195.239	,	-146.934	,
4.515	,	-94.1027	,	255.2353	,	-195.16	,	-147.281	,
4.53	,	-93.6899	,	256.0069	,	-195.081	,	-147.599	,
4.545	,	-93.2482	,	256.7389	,	-195.003	,	-147.888	,
4.56	,	-92.7779	,	257.4315	,	-194.924	,	-148.149	,
4.575	,	-92.2792	,	258.0853	,	-194.845	,	-148.381	,
4.59	,	-91.7522	,	258.7004	,	-194.767	,	-148.584	,
4.605	,	-91.1972	,	259.2774	,	-194.689	,	-148.759	,
4.62	,	-90.6144	,	259.8165	,	-194.611	,	-148.905	,
4.635	,	-90.0041	,	260.3181	,	-194.534	,	-149.023	,
4.65	,	-89.3664	,	260.7825	,	-194.457	,	-149.113	,
4.665	,	-88.7016	,	261.2102	,	-194.38	,	-149.175	,
4.68	,	-88.0099	,	261.6014	,	-194.304	,	-149.209	,
4.695	,	-87.2915	,	261.9566	,	-194.229	,	-149.215	,
4.71	,	-86.5467	,	262.276	,	-194.154	,	-149.193	,
4.725	,	-85.7756	,	262.5601	,	-194.079	,	-149.143	,
4.74	,	-84.9785	,	262.8092	,	-194.006	,	-149.066	,
4.755	,	-84.1555	,	263.0236	,	-193.933	,	-148.961	,
4.77	,	-83.307	,	263.2037	,	-193.861	,	-148.828	,
4.785	,	-82.4331	,	263.3499	,	-193.79	,	-148.668	,
4.8	,	-81.5341	,	263.4625	,	-193.719	,	-148.48	,
4.815	,	-80.6101	,	263.5419	,	-193.65	,	-148.266	,
4.83	,	-79.6614	,	263.5884	,	-193.581	,	-148.024	,
4.845	,	-78.6882	,	263.6024	,	-193.514	,	-147.755	,
4.86	,	-77.6908	,	263.5843	,	-193.448	,	-147.459	,
4.875	,	-76.6693	,	263.5343	,	-193.383	,	-147.136	,
4.89	,	-75.624	,	263.4529	,	-193.319	,	-146.786	,
4.905	,	-74.555	,	263.3405	,	-193.256	,	-146.41	,
4.92	,	-73.4627	,	263.1973	,	-193.194	,	-146.007	,
4.935	,	-72.3472	,	263.0237	,	-193.134	,	-145.577	,
4.95	,	-71.2087	,	262.8201	,	-193.075	,	-145.121	,
4.965	,	-70.0475	,	262.5869	,	-193.018	,	-144.638	,
4.98	,	-68.8637	,	262.3243	,	-192.962	,	-144.129	,
4.995	,	-67.6577	,	262.0328	,	-192.907	,	-143.594	,
5.01	,	-66.4296	,	261.7127	,	-192.854	,	-143.033	,
5.025	,	-65.1796	,	261.3644	,	-192.803	,	-142.445	,
5.04	,	-63.908	,	260.9882	,	-192.754	,	-141.832	,
5.055	,	-62.615	,	260.5845	,	-192.706	,	-141.193	,
5.07	,	-61.3008	,	260.1536	,	-192.659	,	-140.528	,
5.085	,	-59.9656	,	259.696	,	-192.615	,	-139.837	,
5.1	,	-58.6096	,	259.2118	,	-192.573	,	-139.12	,
5.115	,	-57.2331	,	258.7016	,	-192.532	,	-138.378	,
5.13	,	-55.8363	,	258.1656	,	-192.493	,	-137.611	,
5.145	,	-54.4193	,	257.6043	,	-192.457	,	-136.818	,
5.16	,	-52.9825	,	257.0179	,	-192.422	,	-136	,
5.175	,	-51.526	,	256.4069	,	-192.39	,	-135.156	,
5.19	,	-50.0501	,	255.7715	,	-192.359	,	-134.288	,
5.205	,	-48.5549	,	255.1122	,	-192.331	,	-133.394	,
5.22	,	-47.0407	,	254.4293	,	-192.305	,	-132.476	,
5.235	,	-45.5078	,	253.7231	,	-192.281	,	-131.532	,
5.25	,	-43.9562	,	252.9941	,	-192.26	,	-130.564	,
5.265	,	-42.3863	,	252.2425	,	-192.241	,	-129.571	,
5.28	,	-40.7983	,	251.4688	,	-192.225	,	-128.554	,
5.295	,	-39.1924	,	250.6732	,	-192.211	,	-127.512	,
5.31	,	-37.5688	,	249.8562	,	-192.199	,	-126.445	,
5.325	,	-35.9277	,	249.018	,	-192.19	,	-125.354	,
5.34	,	-34.2694	,	248.1592	,	-192.184	,	-124.239	,
5.355	,	-32.594	,	247.2799	,	-192.18	,	-123.1	,
5.37	,	-30.9018	,	246.3806	,	-192.179	,	-121.937	,
5.385	,	-29.1931	,	245.4616	,	-192.181	,	-120.749	,
5.4	,	-27.4679	,	244.5233	,	-192.186	,	-119.538	,
5.415	,	-25.7266	,	243.566	,	-192.193	,	-118.303	,
5.43	,	-23.9693	,	242.5902	,	-192.204	,	-117.044	,
5.445	,	-22.1964	,	241.596	,	-192.217	,	-115.761	,
5.46	,	-20.4079	,	240.584	,	-192.234	,	-114.455	,
5.475	,	-18.6042	,	239.5544	,	-192.253	,	-113.126	,
5.49	,	-16.7854	,	238.5077	,	-192.276	,	-111.773	,
5.505	,	-14.9517	,	237.4441	,	-192.301	,	-110.396	,
5.52	,	-13.1035	,	236.3641	,	-192.33	,	-108.996	,
5.535	,	-11.2408	,	235.2679	,	-192.363	,	-107.574	,
5.55	,	-9.36398	,	234.156	,	-192.398	,	-106.128	,
5.565	,	-7.47318	,	233.0287	,	-192.437	,	-104.659	,
5.58	,	-5.56864	,	231.8863	,	-192.479	,	-103.167	,
5.595	,	-3.65057	,	230.7293	,	-192.525	,	-101.653	,
5.61	,	-1.71919	,	229.5579	,	-192.574	,	-100.115	,
5.625	,	0.225264	,	228.3725	,	-192.627	,	-98.5553	,
5.64	,	2.182587	,	227.1735	,	-192.683	,	-96.9728	,
5.655	,	4.152556	,	225.9613	,	-192.743	,	-95.3678	,
5.67	,	6.134952	,	224.7362	,	-192.807	,	-93.7405	,
5.685	,	8.129555	,	223.4985	,	-192.874	,	-92.0908	,
5.7	,	10.13615	,	222.2486	,	-192.946	,	-90.4189	,
5.715	,	12.15451	,	220.9868	,	-193.021	,	-88.7249	,
5.73	,	14.18441	,	219.7136	,	-193.1	,	-87.0088	,
5.745	,	16.22565	,	218.4293	,	-193.182	,	-85.2708	,
5.76	,	18.278	,	217.1342	,	-193.269	,	-83.5109	,
5.775	,	20.34124	,	215.8287	,	-193.36	,	-81.7292	,
5.79	,	22.41515	,	214.5131	,	-193.455	,	-79.9258	,
5.805	,	24.49952	,	213.1879	,	-193.554	,	-78.1008	,
5.82	,	26.59411	,	211.8533	,	-193.657	,	-76.2543	,
5.835	,	28.69873	,	210.5097	,	-193.765	,	-74.3863	,
5.85	,	30.81313	,	209.1575	,	-193.877	,	-72.497	,
5.865	,	32.93711	,	207.797	,	-193.993	,	-70.5863	,
5.88	,	35.07044	,	206.4286	,	-194.113	,	-68.6545	,
5.895	,	37.21292	,	205.0526	,	-194.238	,	-66.7016	,
5.91	,	39.3643	,	203.6695	,	-194.367	,	-64.7277	,
5.925	,	41.52439	,	202.2795	,	-194.501	,	-62.7329	,
5.94	,	43.69295	,	200.883	,	-194.639	,	-60.7172	,
5.955	,	45.86978	,	199.4803	,	-194.782	,	-58.6807	,
5.97	,	48.05464	,	198.0719	,	-194.93	,	-56.6236	,
5.985	,	50.24732	,	196.6581	,	-195.082	,	-54.5458	,
6	,	52.4476	,	195.2392	,	-195.239	,	-52.4476	,
6.015	,	58.705	,	193.1405	,	-194.608	,	-52.8796	,
6.03	,	64.9331	,	191.0515	,	-193.976	,	-53.3123	,
6.045	,	71.13087	,	188.9722	,	-193.342	,	-53.7457	,
6.06	,	77.29726	,	186.9026	,	-192.706	,	-54.1799	,
6.075	,	83.43122	,	184.8427	,	-192.069	,	-54.6147	,
6.09	,	89.53169	,	182.7924	,	-191.431	,	-55.0503	,
6.105	,	95.59764	,	180.7519	,	-190.791	,	-55.4866	,
6.12	,	101.628	,	178.7211	,	-190.149	,	-55.9235	,
6.135	,	107.6218	,	176.6999	,	-189.506	,	-56.3612	,
6.15	,	113.5779	,	174.6884	,	-188.862	,	-56.7995	,
6.165	,	119.4952	,	172.6866	,	-188.216	,	-57.2384	,
6.18	,	125.3728	,	170.6945	,	-187.569	,	-57.678	,
6.195	,	131.2097	,	168.7121	,	-186.921	,	-58.1182	,
6.21	,	137.0046	,	166.7394	,	-186.271	,	-58.559	,
6.225	,	142.7566	,	164.7764	,	-185.62	,	-59.0004	,
6.24	,	148.4647	,	162.823	,	-184.967	,	-59.4425	,
6.255	,	154.1278	,	160.8794	,	-184.313	,	-59.8851	,
6.27	,	159.7449	,	158.9454	,	-183.658	,	-60.3283	,
6.285	,	165.3148	,	157.0211	,	-183.001	,	-60.772	,
6.3	,	170.8366	,	155.1065	,	-182.344	,	-61.2164	,
6.315	,	176.3092	,	153.2015	,	-181.685	,	-61.6612	,
6.33	,	181.7316	,	151.3063	,	-181.024	,	-62.1066	,
6.345	,	187.1027	,	149.4208	,	-180.363	,	-62.5526	,
6.36	,	192.4215	,	147.5449	,	-179.7	,	-62.999	,
6.375	,	197.6869	,	145.6787	,	-179.036	,	-63.446	,
6.39	,	202.8979	,	143.8222	,	-178.371	,	-63.8934	,
6.405	,	208.0534	,	141.9754	,	-177.704	,	-64.3414	,
6.42	,	213.1523	,	140.1382	,	-177.037	,	-64.7898	,
6.435	,	218.1938	,	138.3107	,	-176.368	,	-65.2386	,
6.45	,	223.1766	,	136.493	,	-175.698	,	-65.688	,
6.465	,	228.0997	,	134.6849	,	-175.027	,	-66.1377	,
6.48	,	232.9621	,	132.8864	,	-174.355	,	-66.5879	,
6.495	,	237.7628	,	131.0977	,	-173.682	,	-67.0385	,
6.51	,	242.5007	,	129.3186	,	-173.007	,	-67.4896	,
6.525	,	247.1747	,	127.5492	,	-172.332	,	-67.941	,
6.54	,	251.7838	,	125.7895	,	-171.656	,	-68.3928	,
6.555	,	256.327	,	124.0395	,	-170.978	,	-68.8451	,
6.57	,	260.8032	,	122.2991	,	-170.3	,	-69.2976	,
6.585	,	265.2113	,	120.5685	,	-169.62	,	-69.7506	,
6.6	,	269.5504	,	118.8475	,	-168.939	,	-70.2039	,
6.615	,	273.8193	,	117.1361	,	-168.258	,	-70.6575	,
6.63	,	278.0171	,	115.4345	,	-167.575	,	-71.1114	,
6.645	,	282.1426	,	113.7425	,	-166.892	,	-71.5657	,
6.66	,	286.1948	,	112.0602	,	-166.207	,	-72.0203	,
6.675	,	290.1728	,	110.3876	,	-165.522	,	-72.4752	,
6.69	,	294.0753	,	108.7246	,	-164.836	,	-72.9303	,
6.705	,	297.9014	,	107.0714	,	-164.149	,	-73.3858	,
6.72	,	301.6501	,	105.4278	,	-163.46	,	-73.8415	,
6.735	,	305.3203	,	103.7938	,	-162.772	,	-74.2975	,
6.75	,	308.9108	,	102.1696	,	-162.082	,	-74.7537	,
6.765	,	312.4208	,	100.555	,	-161.391	,	-75.2101	,
6.78	,	315.8492	,	98.95006	,	-160.7	,	-75.6668	,
6.795	,	319.1948	,	97.35481	,	-160.007	,	-76.1237	,
6.81	,	322.4567	,	95.76924	,	-159.314	,	-76.5808	,
6.825	,	325.6338	,	94.19333	,	-158.62	,	-77.0381	,
6.84	,	328.725	,	92.6271	,	-157.925	,	-77.4955	,
6.855	,	331.7294	,	91.07053	,	-157.23	,	-77.9532	,
6.87	,	334.6458	,	89.52364	,	-156.534	,	-78.411	,
6.885	,	337.4732	,	87.98641	,	-155.837	,	-78.869	,
6.9	,	340.2106	,	86.45885	,	-155.139	,	-79.3271	,
6.915	,	342.8569	,	84.94096	,	-154.441	,	-79.7853	,
6.93	,	345.4111	,	83.43273	,	-153.742	,	-80.2436	,
6.945	,	347.8721	,	81.93417	,	-153.042	,	-80.7021	,
6.96	,	350.2389	,	80.44528	,	-152.341	,	-81.1607	,
6.975	,	352.5104	,	78.96606	,	-151.64	,	-81.6193	,
6.99	,	354.6856	,	77.4965	,	-150.939	,	-82.0781	,
7.005	,	356.7635	,	76.0366	,	-150.236	,	-82.5369	,
7.02	,	358.7429	,	74.58637	,	-149.533	,	-82.9957	,
7.035	,	360.6229	,	73.14581	,	-148.83	,	-83.4547	,
7.05	,	362.4023	,	71.71491	,	-148.126	,	-83.9136	,
7.065	,	364.0802	,	70.29367	,	-147.421	,	-84.3726	,
7.08	,	365.6556	,	68.88209	,	-146.716	,	-84.8316	,
7.095	,	367.1272	,	67.48018	,	-146.01	,	-85.2906	,
7.11	,	368.4942	,	66.08793	,	-145.304	,	-85.7496	,
7.125	,	369.7554	,	64.70534	,	-144.597	,	-86.2086	,
7.14	,	370.9099	,	63.33242	,	-143.889	,	-86.6675	,
7.155	,	371.9565	,	61.96915	,	-143.182	,	-87.1265	,
7.17	,	372.8942	,	60.61555	,	-142.473	,	-87.5854	,
7.185	,	373.722	,	59.2716	,	-141.765	,	-88.0442	,
7.2	,	374.4388	,	57.93732	,	-141.055	,	-88.5029	,
7.215	,	375.0436	,	56.6127	,	-140.346	,	-88.9616	,
7.23	,	375.5353	,	55.29773	,	-139.636	,	-89.4202	,
7.245	,	375.9129	,	53.99242	,	-138.926	,	-89.8787	,
7.26	,	376.1753	,	52.69677	,	-138.215	,	-90.3371	,
7.275	,	376.3215	,	51.41078	,	-137.504	,	-90.7954	,
7.29	,	376.3504	,	50.13445	,	-136.792	,	-91.2536	,
7.305	,	376.2611	,	48.86777	,	-136.08	,	-91.7116	,
7.32	,	376.0524	,	47.61075	,	-135.368	,	-92.1695	,
7.335	,	375.7232	,	46.36338	,	-134.656	,	-92.6272	,
7.35	,	375.2726	,	45.12568	,	-133.943	,	-93.0847	,
7.365	,	374.6996	,	43.89762	,	-133.23	,	-93.5421	,
7.38	,	374.0029	,	42.67922	,	-132.516	,	-93.9992	,
7.395	,	373.1817	,	41.47048	,	-131.803	,	-94.4562	,
7.41	,	372.2349	,	40.27139	,	-131.089	,	-94.913	,
7.425	,	371.1613	,	39.08195	,	-130.375	,	-95.3695	,
7.44	,	369.96	,	37.90217	,	-129.66	,	-95.8258	,
7.455	,	368.63	,	36.73204	,	-128.946	,	-96.2819	,
7.47	,	367.1701	,	35.57156	,	-128.231	,	-96.7377	,
7.485	,	365.5793	,	34.42073	,	-127.516	,	-97.1932	,
7.5	,	363.8566	,	33.27956	,	-126.801	,	-97.6485	,
7.515	,	362.0264	,	32.14563	,	-126.085	,	-98.1045	,
7.53	,	360.1147	,	31.01662	,	-125.366	,	-98.5623	,
7.545	,	358.1232	,	29.8927	,	-124.644	,	-99.0217	,
7.56	,	356.0536	,	28.774	,	-123.919	,	-99.4829	,
7.575	,	353.9075	,	27.66068	,	-123.192	,	-99.9457	,
7.59	,	351.6866	,	26.55287	,	-122.462	,	-100.41	,
7.605	,	349.3925	,	25.45073	,	-121.73	,	-100.876	,
7.62	,	347.0268	,	24.35441	,	-120.995	,	-101.344	,
7.635	,	344.5912	,	23.26405	,	-120.258	,	-101.813	,
7.65	,	342.0874	,	22.17979	,	-119.518	,	-102.284	,
7.665	,	339.517	,	21.1018	,	-118.776	,	-102.756	,
7.68	,	336.8815	,	20.0302	,	-118.031	,	-103.229	,
7.695	,	334.1828	,	18.96516	,	-117.285	,	-103.704	,
7.71	,	331.4223	,	17.90682	,	-116.535	,	-104.18	,
7.725	,	328.6018	,	16.85532	,	-115.784	,	-104.658	,
7.74	,	325.723	,	15.81081	,	-115.03	,	-105.137	,
7.755	,	322.7873	,	14.77345	,	-114.274	,	-105.617	,
7.77	,	319.7966	,	13.74337	,	-113.516	,	-106.099	,
7.785	,	316.7524	,	12.72072	,	-112.756	,	-106.581	,
7.8	,	313.6564	,	11.70566	,	-111.994	,	-107.065	,
7.815	,	310.5102	,	10.69832	,	-111.23	,	-107.551	,
7.83	,	307.3155	,	9.698867	,	-110.464	,	-108.037	,
7.845	,	304.0739	,	8.707433	,	-109.696	,	-108.524	,
7.86	,	300.7871	,	7.72417	,	-108.925	,	-109.012	,
7.875	,	297.4567	,	6.749225	,	-108.153	,	-109.502	,
7.89	,	294.0843	,	5.782745	,	-107.38	,	-109.992	,
7.905	,	290.6716	,	4.824878	,	-106.604	,	-110.484	,
7.92	,	287.2203	,	3.875771	,	-105.826	,	-110.976	,
7.935	,	283.7319	,	2.93557	,	-105.047	,	-111.469	,
7.95	,	280.2082	,	2.004425	,	-104.266	,	-111.964	,
7.965	,	276.6508	,	1.082481	,	-103.484	,	-112.459	,
7.98	,	273.0613	,	0.169886	,	-102.699	,	-112.955	,
7.995	,	269.4413	,	-0.73321	,	-101.913	,	-113.451	,
8.01	,	265.7926	,	-1.62667	,	-101.126	,	-113.949	,
8.025	,	262.1167	,	-2.51033	,	-100.337	,	-114.447	,
8.04	,	258.4153	,	-3.38406	,	-99.5466	,	-114.946	,
8.055	,	254.6901	,	-4.2477	,	-98.7547	,	-115.445	,
8.07	,	250.9426	,	-5.10111	,	-97.9613	,	-115.945	,
8.085	,	247.1746	,	-5.94414	,	-97.1666	,	-116.446	,
8.1	,	243.3876	,	-6.77664	,	-96.3706	,	-116.947	,
8.115	,	239.5834	,	-7.59847	,	-95.5732	,	-117.449	,
8.13	,	235.7636	,	-8.40947	,	-94.7745	,	-117.952	,
8.145	,	231.9297	,	-9.20951	,	-93.9747	,	-118.455	,
8.16	,	228.0835	,	-9.99843	,	-93.1736	,	-118.958	,
8.175	,	224.2267	,	-10.7761	,	-92.3713	,	-119.462	,
8.19	,	220.3607	,	-11.5423	,	-91.568	,	-119.966	,
8.205	,	216.4874	,	-12.297	,	-90.7635	,	-120.471	,
8.22	,	212.6082	,	-13.04	,	-89.958	,	-120.976	,
8.235	,	208.725	,	-13.7711	,	-89.1514	,	-121.481	,
8.25	,	204.8393	,	-14.4903	,	-88.3439	,	-121.986	,
8.265	,	200.9528	,	-15.1973	,	-87.5354	,	-122.492	,
8.28	,	197.067	,	-15.8919	,	-86.7261	,	-122.998	,
8.295	,	193.1838	,	-16.5742	,	-85.9158	,	-123.504	,
8.31	,	189.3046	,	-17.2438	,	-85.1047	,	-124.01	,
8.325	,	185.4312	,	-17.9008	,	-84.2929	,	-124.517	,
8.34	,	181.5652	,	-18.5448	,	-83.4802	,	-125.023	,
8.355	,	177.7082	,	-19.1758	,	-82.6668	,	-125.53	,
8.37	,	173.8619	,	-19.7937	,	-81.8528	,	-126.036	,
8.385	,	170.0279	,	-20.3982	,	-81.0381	,	-126.543	,
8.4	,	166.2079	,	-20.9892	,	-80.2227	,	-127.05	,
8.415	,	162.4035	,	-21.5666	,	-79.4068	,	-127.556	,
8.43	,	158.6164	,	-22.1302	,	-78.5904	,	-128.063	,
8.445	,	154.8482	,	-22.68	,	-77.7734	,	-128.569	,
8.46	,	151.1005	,	-23.2157	,	-76.956	,	-129.075	,
8.475	,	147.375	,	-23.7371	,	-76.1381	,	-129.581	,
8.49	,	143.6734	,	-24.2442	,	-75.3199	,	-130.087	,
8.505	,	139.9972	,	-24.7368	,	-74.5012	,	-130.592	,
8.52	,	136.3482	,	-25.2148	,	-73.6823	,	-131.097	,
8.535	,	132.7279	,	-25.6779	,	-72.8631	,	-131.602	,
8.55	,	129.1381	,	-26.1261	,	-72.0436	,	-132.107	,
8.565	,	125.5803	,	-26.5593	,	-71.2239	,	-132.611	,
8.58	,	122.0563	,	-26.9771	,	-70.404	,	-133.115	,
8.595	,	118.5676	,	-27.3796	,	-69.584	,	-133.618	,
8.61	,	115.1159	,	-27.7666	,	-68.7638	,	-134.121	,
8.625	,	111.7028	,	-28.1378	,	-67.9437	,	-134.623	,
8.64	,	108.33	,	-28.4933	,	-67.1234	,	-135.125	,
8.655	,	104.9991	,	-28.8328	,	-66.3032	,	-135.626	,
8.67	,	101.7119	,	-29.1561	,	-65.483	,	-136.127	,
8.685	,	98.46981	,	-29.4632	,	-64.6629	,	-136.627	,
8.7	,	95.27462	,	-29.7538	,	-63.8429	,	-137.127	,
8.715	,	92.12794	,	-30.0279	,	-63.0231	,	-137.626	,
8.73	,	89.03141	,	-30.2853	,	-62.2034	,	-138.124	,
8.745	,	85.98669	,	-30.5258	,	-61.384	,	-138.621	,
8.76	,	82.9954	,	-30.7493	,	-60.5648	,	-139.118	,
8.775	,	80.05921	,	-30.9557	,	-59.746	,	-139.613	,
8.79	,	77.17975	,	-31.1448	,	-58.9274	,	-140.108	,
8.805	,	74.35867	,	-31.3164	,	-58.1093	,	-140.603	,
8.82	,	71.59761	,	-31.4704	,	-57.2915	,	-141.096	,
8.835	,	68.89821	,	-31.6066	,	-56.4742	,	-141.588	,
8.85	,	66.26213	,	-31.725	,	-55.6573	,	-142.079	,
8.865	,	63.69101	,	-31.8254	,	-54.841	,	-142.57	,
8.88	,	61.18649	,	-31.9075	,	-54.0252	,	-143.059	,
8.895	,	58.75021	,	-31.9713	,	-53.21	,	-143.547	,
8.91	,	56.38383	,	-32.0167	,	-52.3955	,	-144.035	,
8.925	,	54.08898	,	-32.0434	,	-51.5816	,	-144.521	,
8.94	,	51.86731	,	-32.0514	,	-50.7684	,	-145.006	,
8.955	,	49.72046	,	-32.0404	,	-49.9559	,	-145.49	,
8.97	,	47.65009	,	-32.0103	,	-49.1442	,	-145.972	,
8.985	,	45.65783	,	-31.9611	,	-48.3333	,	-146.454	,
9	,	43.74533	,	-31.8924	,	-47.5233	,	-146.934	,
9.015	,	41.87289	,	-31.8069	,	-46.7062	,	-147.408	,
9.03	,	39.99995	,	-31.7073	,	-45.8745	,	-147.87	,
9.045	,	38.12681	,	-31.5938	,	-45.0283	,	-148.32	,
9.06	,	36.25381	,	-31.4667	,	-44.168	,	-148.758	,
9.075	,	34.38125	,	-31.3264	,	-43.2939	,	-149.185	,
9.09	,	32.50945	,	-31.173	,	-42.4062	,	-149.601	,
9.105	,	30.63874	,	-31.007	,	-41.5053	,	-150.005	,
9.12	,	28.76944	,	-30.8286	,	-40.5915	,	-150.398	,
9.135	,	26.90185	,	-30.6381	,	-39.665	,	-150.78	,
9.15	,	25.03631	,	-30.4357	,	-38.7262	,	-151.15	,
9.165	,	23.17312	,	-30.2218	,	-37.7753	,	-151.51	,
9.18	,	21.31261	,	-29.9967	,	-36.8127	,	-151.858	,
9.195	,	19.4551	,	-29.7606	,	-35.8387	,	-152.195	,
9.21	,	17.60091	,	-29.5138	,	-34.8534	,	-152.521	,
9.225	,	15.75034	,	-29.2566	,	-33.8573	,	-152.837	,
9.24	,	13.90373	,	-28.9893	,	-32.8507	,	-153.141	,
9.255	,	12.06139	,	-28.7123	,	-31.8337	,	-153.435	,
9.27	,	10.22364	,	-28.4257	,	-30.8068	,	-153.718	,
9.285	,	8.390804	,	-28.1298	,	-29.7702	,	-153.991	,
9.3	,	6.56319	,	-27.825	,	-28.7242	,	-154.253	,
9.315	,	4.741123	,	-27.5116	,	-27.6691	,	-154.504	,
9.33	,	2.92492	,	-27.1898	,	-26.6052	,	-154.746	,
9.345	,	1.1149	,	-26.8599	,	-25.5328	,	-154.976	,
9.36	,	-0.68862	,	-26.5222	,	-24.4522	,	-155.197	,
9.375	,	-2.48531	,	-26.1771	,	-23.3637	,	-155.407	,
9.39	,	-4.27487	,	-25.8247	,	-22.2676	,	-155.607	,
9.405	,	-6.05697	,	-25.4654	,	-21.1642	,	-155.798	,
9.42	,	-7.8313	,	-25.0994	,	-20.0537	,	-155.978	,
9.435	,	-9.59752	,	-24.7271	,	-18.9365	,	-156.148	,
9.45	,	-11.3553	,	-24.3487	,	-17.8129	,	-156.308	,
9.465	,	-13.1044	,	-23.9646	,	-16.6832	,	-156.459	,
9.48	,	-14.8444	,	-23.575	,	-15.5476	,	-156.599	,
9.495	,	-16.5751	,	-23.1801	,	-14.4064	,	-156.73	,
9.51	,	-18.2961	,	-22.7804	,	-13.2601	,	-156.852	,
9.525	,	-20.007	,	-22.3761	,	-12.1087	,	-156.964	,
9.54	,	-21.7077	,	-21.9674	,	-10.9527	,	-157.066	,
9.555	,	-23.3977	,	-21.5547	,	-9.79239	,	-157.159	,
9.57	,	-25.0767	,	-21.1382	,	-8.62798	,	-157.243	,
9.585	,	-26.7444	,	-20.7183	,	-7.4598	,	-157.317	,
9.6	,	-28.4006	,	-20.2951	,	-6.28814	,	-157.382	,
9.615	,	-30.0448	,	-19.8691	,	-5.1133	,	-157.438	,
9.63	,	-31.6768	,	-19.4405	,	-3.93558	,	-157.485	,
9.645	,	-33.2962	,	-19.0096	,	-2.75528	,	-157.523	,
9.66	,	-34.9028	,	-18.5767	,	-1.57268	,	-157.552	,
9.675	,	-36.4961	,	-18.142	,	-0.38809	,	-157.572	,
9.69	,	-38.076	,	-17.7059	,	0.798198	,	-157.583	,
9.705	,	-39.642	,	-17.2686	,	1.985892	,	-157.586	,
9.72	,	-41.1938	,	-16.8304	,	3.174695	,	-157.579	,
9.735	,	-42.7312	,	-16.3917	,	4.364309	,	-157.565	,
9.75	,	-44.2538	,	-15.9527	,	5.554441	,	-157.541	,
9.765	,	-45.7613	,	-15.5136	,	6.744793	,	-157.509	,
9.78	,	-47.2534	,	-15.0749	,	7.935071	,	-157.469	,
9.795	,	-48.7297	,	-14.6367	,	9.124978	,	-157.421	,
9.81	,	-50.19	,	-14.1994	,	10.31422	,	-157.364	,
9.825	,	-51.6339	,	-13.7632	,	11.5025	,	-157.299	,
9.84	,	-53.0611	,	-13.3285	,	12.68952	,	-157.225	,
9.855	,	-54.4713	,	-12.8955	,	13.87499	,	-157.144	,
9.87	,	-55.8641	,	-12.4645	,	15.05861	,	-157.054	,
9.885	,	-57.2393	,	-12.0358	,	16.24008	,	-156.957	,
9.9	,	-58.5964	,	-11.6097	,	17.41911	,	-156.852	,
9.915	,	-59.9354	,	-11.1865	,	18.59541	,	-156.739	,
9.93	,	-61.2556	,	-10.7664	,	19.76868	,	-156.618	,
9.945	,	-62.557	,	-10.3498	,	20.93862	,	-156.49	,
9.96	,	-63.8391	,	-9.93694	,	22.10493	,	-156.353	,
9.975	,	-65.1017	,	-9.52812	,	23.26733	,	-156.21	,
9.99	,	-66.3443	,	-9.12361	,	24.42551	,	-156.058	,
10.005	,	-67.5668	,	-8.72371	,	25.57918	,	-155.9	,
10.02	,	-68.7687	,	-8.32871	,	26.72804	,	-155.734	,
10.035	,	-69.9498	,	-7.9389	,	27.87181	,	-155.561	,
10.05	,	-71.1097	,	-7.55456	,	29.01017	,	-155.38	,
10.065	,	-72.2481	,	-7.17598	,	30.14284	,	-155.193	,
10.08	,	-73.3648	,	-6.80345	,	31.26953	,	-154.998	,
10.095	,	-74.4593	,	-6.43726	,	32.38992	,	-154.796	,
10.11	,	-75.5314	,	-6.0777	,	33.50374	,	-154.587	,
10.125	,	-76.5807	,	-5.72505	,	34.61068	,	-154.372	,
10.14	,	-77.607	,	-5.37961	,	35.71045	,	-154.149	,
10.155	,	-78.6098	,	-5.04166	,	36.80276	,	-153.92	,
10.17	,	-79.589	,	-4.71149	,	37.8873	,	-153.684	,
10.185	,	-80.5441	,	-4.38939	,	38.96378	,	-153.442	,
10.2	,	-81.4749	,	-4.07565	,	40.0319	,	-153.192	,
10.215	,	-82.381	,	-3.77056	,	41.09138	,	-152.937	,
10.23	,	-83.2621	,	-3.47439	,	42.14191	,	-152.675	,
10.245	,	-84.1179	,	-3.18745	,	43.18319	,	-152.406	,
10.26	,	-84.9481	,	-2.91003	,	44.21494	,	-152.132	,
10.275	,	-85.7524	,	-2.6424	,	45.23686	,	-151.851	,
10.29	,	-86.5304	,	-2.38486	,	46.24865	,	-151.564	,
10.305	,	-87.2818	,	-2.13769	,	47.25001	,	-151.27	,
10.32	,	-88.0063	,	-1.90119	,	48.24065	,	-150.971	,
10.335	,	-88.7036	,	-1.67565	,	49.22028	,	-150.666	,
10.35	,	-89.3733	,	-1.46134	,	50.1886	,	-150.355	,
10.365	,	-90.0152	,	-1.25857	,	51.1453	,	-150.038	,
10.38	,	-90.629	,	-1.06761	,	52.09011	,	-149.715	,
10.395	,	-91.2142	,	-0.88876	,	53.02271	,	-149.387	,
10.41	,	-91.7706	,	-0.7223	,	53.94282	,	-149.053	,
10.425	,	-92.2979	,	-0.56853	,	54.85014	,	-148.713	,
10.44	,	-92.7958	,	-0.42772	,	55.74438	,	-148.368	,
10.455	,	-93.2639	,	-0.30018	,	56.62523	,	-148.018	,
10.47	,	-93.7019	,	-0.18619	,	57.49241	,	-147.662	,
10.485	,	-94.1095	,	-0.08603	,	58.34561	,	-147.3	,
10.5	,	-94.4864	,	0	,	59.18454	,	-146.934	,
10.515	,	-94.8333	,	0.078883	,	59.99613	,	-146.55	,
10.53	,	-95.1513	,	0.157751	,	60.76771	,	-146.137	,
10.545	,	-95.4406	,	0.236557	,	61.49966	,	-145.696	,
10.56	,	-95.7011	,	0.315253	,	62.19233	,	-145.226	,
10.575	,	-95.9329	,	0.393789	,	62.84606	,	-144.727	,
10.59	,	-96.1363	,	0.472118	,	63.46123	,	-144.2	,
10.605	,	-96.3111	,	0.550191	,	64.03818	,	-143.645	,
10.62	,	-96.4576	,	0.627959	,	64.57728	,	-143.062	,
10.635	,	-96.5758	,	0.705376	,	65.07888	,	-142.452	,
10.65	,	-96.6658	,	0.782391	,	65.54333	,	-141.814	,
10.665	,	-96.7276	,	0.858957	,	65.97099	,	-141.149	,
10.68	,	-96.7614	,	0.935026	,	66.36222	,	-140.458	,
10.695	,	-96.7673	,	1.010548	,	66.71737	,	-139.739	,
10.71	,	-96.7453	,	1.085477	,	67.03681	,	-138.994	,
10.725	,	-96.6955	,	1.159763	,	67.32089	,	-138.223	,
10.74	,	-96.618	,	1.233357	,	67.56995	,	-137.426	,
10.755	,	-96.5129	,	1.306213	,	67.78437	,	-136.603	,
10.77	,	-96.3803	,	1.37828	,	67.9645	,	-135.755	,
10.785	,	-96.2203	,	1.449512	,	68.11069	,	-134.881	,
10.8	,	-96.0328	,	1.519859	,	68.2233	,	-133.982	,
10.815	,	-95.8182	,	1.589274	,	68.30269	,	-133.058	,
10.83	,	-95.5763	,	1.657707	,	68.34921	,	-132.109	,
10.845	,	-95.3074	,	1.725111	,	68.36321	,	-131.136	,
10.86	,	-95.0114	,	1.791437	,	68.34507	,	-130.138	,
10.875	,	-94.6885	,	1.856637	,	68.29512	,	-129.117	,
10.89	,	-94.3388	,	1.920662	,	68.21374	,	-128.072	,
10.905	,	-93.9623	,	1.983465	,	68.10127	,	-127.003	,
10.92	,	-93.5592	,	2.044996	,	67.95807	,	-125.91	,
10.935	,	-93.1295	,	2.105208	,	67.7845	,	-124.795	,
10.95	,	-92.6733	,	2.164052	,	67.58091	,	-123.656	,
10.965	,	-92.1906	,	2.221479	,	67.34767	,	-122.495	,
10.98	,	-91.6817	,	2.277442	,	67.08512	,	-121.311	,
10.995	,	-91.1465	,	2.331892	,	66.79363	,	-120.105	,
11.01	,	-90.5851	,	2.38478	,	66.47355	,	-118.877	,
11.025	,	-89.9977	,	2.436059	,	66.12523	,	-117.627	,
11.04	,	-89.3843	,	2.48568	,	65.74903	,	-116.356	,
11.055	,	-88.745	,	2.533594	,	65.34532	,	-115.063	,
11.07	,	-88.0799	,	2.579754	,	64.91444	,	-113.748	,
11.085	,	-87.3891	,	2.62411	,	64.45676	,	-112.413	,
11.1	,	-86.6726	,	2.666615	,	63.97262	,	-111.057	,
11.115	,	-85.9306	,	2.70722	,	63.46239	,	-109.681	,
11.13	,	-85.1631	,	2.745877	,	62.92642	,	-108.284	,
11.145	,	-84.3702	,	2.782537	,	62.36507	,	-106.867	,
11.16	,	-83.552	,	2.817153	,	61.77869	,	-105.43	,
11.175	,	-82.7086	,	2.849675	,	61.16765	,	-103.974	,
11.19	,	-81.8401	,	2.880056	,	60.53229	,	-102.498	,
11.205	,	-80.9465	,	2.908247	,	59.87298	,	-101.002	,
11.22	,	-80.028	,	2.934199	,	59.19007	,	-99.4883	,
11.235	,	-79.0846	,	2.957865	,	58.48391	,	-97.9554	,
11.25	,	-78.1164	,	2.979196	,	57.75487	,	-96.4038	,
11.265	,	-77.1236	,	2.998143	,	57.0033	,	-94.8339	,
11.28	,	-76.1061	,	3.014659	,	56.22955	,	-93.2459	,
11.295	,	-75.0641	,	3.028694	,	55.43399	,	-91.64	,
11.31	,	-73.9976	,	3.040202	,	54.61697	,	-90.0164	,
11.325	,	-72.9068	,	3.049132	,	53.77884	,	-88.3753	,
11.34	,	-71.7918	,	3.055438	,	52.91996	,	-86.717	,
11.355	,	-70.6525	,	3.059069	,	52.04069	,	-85.0416	,
11.37	,	-69.4891	,	3.05998	,	51.14139	,	-83.3494	,
11.385	,	-68.3018	,	3.058119	,	50.22241	,	-81.6407	,
11.4	,	-67.0904	,	3.053441	,	49.28411	,	-79.9155	,
11.415	,	-65.8553	,	3.045895	,	48.32684	,	-78.1742	,
11.43	,	-64.5964	,	3.035434	,	47.35096	,	-76.4169	,
11.445	,	-63.3138	,	3.02201	,	46.35683	,	-74.644	,
11.46	,	-62.0077	,	3.005574	,	45.34481	,	-72.8555	,
11.475	,	-60.678	,	2.986077	,	44.31524	,	-71.0518	,
11.49	,	-59.3249	,	2.963472	,	43.26849	,	-69.233	,
11.505	,	-57.9485	,	2.937709	,	42.20492	,	-67.3993	,
11.52	,	-56.5489	,	2.908742	,	41.12487	,	-65.5511	,
11.535	,	-55.1261	,	2.87652	,	40.02871	,	-63.6884	,
11.55	,	-53.6802	,	2.840997	,	38.91679	,	-61.8116	,
11.565	,	-52.2113	,	2.802123	,	37.78947	,	-59.9208	,
11.58	,	-50.7196	,	2.75985	,	36.64711	,	-58.0162	,
11.595	,	-49.205	,	2.714131	,	35.49006	,	-56.0982	,
11.61	,	-47.6677	,	2.664915	,	34.31867	,	-54.1668	,
11.625	,	-46.1077	,	2.612156	,	33.13332	,	-52.2223	,
11.64	,	-44.5252	,	2.555805	,	31.93434	,	-50.265	,
11.655	,	-42.9202	,	2.495813	,	30.7221	,	-48.295	,
11.67	,	-41.2929	,	2.432133	,	29.49695	,	-46.3126	,
11.685	,	-39.6432	,	2.364715	,	28.25926	,	-44.318	,
11.7	,	-37.9713	,	2.293511	,	27.00937	,	-42.3115	,
11.715	,	-36.2773	,	2.218474	,	25.74764	,	-40.2931	,
11.73	,	-34.5612	,	2.139554	,	24.47444	,	-38.2632	,
11.745	,	-32.8232	,	2.056703	,	23.19011	,	-36.2219	,
11.76	,	-31.0633	,	1.969874	,	21.89501	,	-34.1696	,
11.775	,	-29.2816	,	1.879017	,	20.58951	,	-32.1064	,
11.79	,	-27.4782	,	1.784084	,	19.27395	,	-30.0324	,
11.805	,	-25.6532	,	1.685028	,	17.94869	,	-27.9481	,
11.82	,	-23.8067	,	1.581799	,	16.61409	,	-25.8535	,
11.835	,	-21.9387	,	1.474349	,	15.2705	,	-23.7489	,
11.85	,	-20.0494	,	1.36263	,	13.91829	,	-21.6345	,
11.865	,	-18.1387	,	1.246593	,	12.5578	,	-19.5105	,
11.88	,	-16.2069	,	1.126191	,	11.1894	,	-17.3772	,
11.895	,	-14.254	,	1.001375	,	9.81344	,	-15.2347	,
11.91	,	-12.2801	,	0.872095	,	8.430276	,	-13.0833	,
11.925	,	-10.2853	,	0.738306	,	7.040267	,	-10.9232	,
11.94	,	-8.26956	,	0.599956	,	5.643767	,	-8.75465	,
11.955	,	-6.23309	,	0.457	,	4.241134	,	-6.57783	,
11.97	,	-4.17596	,	0.309387	,	2.832724	,	-4.39296	,
11.985	,	-2.09823	,	0.15707	,	1.418894	,	-2.20028	,
12	,	0	,	0	,	0	,	0	,
